0.000000000000000000e+00
2.095085961904651420e-03
4.190162727611787541e-03
6.285221100951162050e-03
8.380251885849026097e-03
1.047524588634584329e-02
1.257019390663899339e-02
1.466508675113415740e-02
1.675991522448095142e-02
1.885467013159700805e-02
2.094934227774328597e-02
2.304392246853374099e-02
2.513840150998751174e-02
2.723277020856478686e-02
2.932701937120410843e-02
3.142113980538760454e-02
3.351512231914181156e-02
3.560895772111212498e-02
3.770263682059706717e-02
3.979615042756294574e-02
4.188948935270726814e-02
4.398264440748719806e-02
4.607560640419753467e-02
4.816836615595503079e-02
5.026091447674470303e-02
5.235324218152239556e-02
5.444534008620209586e-02
5.653719900768112983e-02
5.862880976392598892e-02
6.072016317399089869e-02
6.281125005806569017e-02
6.490206123749578393e-02
6.699258753484226003e-02
6.908281977392000117e-02
7.117274877983034709e-02
7.326236537900888968e-02
7.535166039925320081e-02
7.744062466979106940e-02
7.952924902128677420e-02
8.161752428589649777e-02
8.370544129731911920e-02
8.579299089082410845e-02
8.788016390329302097e-02
8.996695117323688651e-02
9.205334354089451943e-02
9.413933184823021494e-02
9.622490693896684766e-02
9.831005965864610119e-02
1.003947808546730158e-01
1.024790613763414265e-01
1.045628920748763735e-01
1.066462638034865046e-01
1.087291674173805622e-01
1.108115937738277657e-01
1.128935337322001242e-01
1.149749781540054527e-01
1.170559179029096730e-01
1.191363438448052314e-01
1.212162468478485827e-01
1.232956177824762051e-01
1.253744475214571552e-01
1.274527269399561569e-01
1.295304469155511284e-01
1.316075983282512241e-01
1.336841720605805306e-01
1.357601589975976353e-01
1.378355500269341227e-01
1.399103360388301021e-01
1.419845079261915499e-01
1.440580565846225625e-01
1.461309729124503076e-01
1.482032478107967177e-01
1.502748721835815982e-01
1.523458369375772503e-01
1.544161329824760009e-01
1.564857512308720500e-01
1.585546825983685515e-01
1.606229180035485538e-01
1.626904483680882141e-01
1.647572646167198285e-01
1.668233576773331117e-01
1.688887184809966524e-01
1.709533379619726512e-01
1.730172070578097632e-01
1.750803167093086532e-01
1.771426578606467295e-01
1.792042214593327354e-01
1.812649984563153571e-01
1.833249798059950475e-01
1.853841564662506713e-01
1.874425193985108928e-01
1.895000595677399646e-01
1.915567679425730363e-01
1.936126354952528994e-01
1.956676532017153358e-01
1.977218120416421032e-01
1.997751029984732585e-01
2.018275170594673318e-01
2.038790452157283051e-01
2.059296784622335064e-01
2.079794077979095490e-01
2.100282242256560628e-01
2.120761187523587943e-01
2.141230823889587742e-01
2.161691061504883160e-01
2.182141810560945805e-01
2.202582981290889808e-01
2.223014483969953381e-01
2.243436228915843267e-01
2.263848126489046431e-01
2.284250087093259718e-01
2.304642021175871414e-01
2.325023839228063660e-01
2.345395451785718954e-01
2.365756769429210871e-01
2.386107702784353857e-01
2.406448162522629164e-01
2.426778059361117679e-01
2.447097304063606260e-01
2.467405807440262722e-01
2.487703480348963381e-01
2.507990233694545879e-01
2.528265978430020988e-01
2.548530625556987284e-01
2.568784086125175392e-01
2.589026271233931253e-01
2.609257092031839753e-01
2.629476459717494108e-01
2.649684285539571915e-01
2.669880480797720557e-01
2.690064956842301847e-01
2.710237625075321843e-01
2.730398396950602935e-01
2.750547183974079712e-01
2.770683897704528942e-01
2.790808449753409137e-01
2.810920751785835336e-01
2.831020715520414788e-01
2.851108252730030213e-01
2.871183275242228938e-01
2.891245694939461042e-01
2.911295423759385215e-01
2.931332373695347826e-01
2.951356456797037398e-01
2.971367585170322512e-01
2.991365670977959579e-01
3.011350626440288947e-01
3.031322363834857980e-01
3.051280795497471332e-01
3.071225833822419093e-01
3.091157391262389642e-01
3.111075380329712536e-01
3.130979713595918867e-01
3.150870303692767660e-01
3.170747063312235881e-01
3.190609905206794883e-01
3.210458742190259174e-01
3.230293487137913533e-01
3.250114052986763924e-01
3.269920352736063185e-01
3.289712299447792865e-01
3.309489806246946886e-01
3.329252786321892366e-01
3.349001152924699354e-01
3.368734819371391742e-01
3.388453699042835443e-01
3.408157705384741165e-01
3.427846751907869249e-01
3.447520752189001114e-01
3.467179619870814911e-01
3.486823268662290198e-01
3.506451612339299140e-01
3.526064564744888497e-01
3.545662039789692632e-01
3.565243951452286009e-01
3.584810213779399124e-01
3.604360740886642378e-01
3.623895446958809163e-01
3.643414246249769839e-01
3.662917053083478147e-01
3.682403781854077240e-01
3.701874347026103962e-01
3.721328663135233805e-01
3.740766644788429129e-01
3.760188206664313304e-01
3.779593263513533752e-01
3.798981730159223802e-01
3.818353521497473424e-01
3.837708552497373082e-01
3.857046738201741487e-01
3.876367993727113936e-01
3.895672234264518363e-01
3.914959375079692938e-01
3.934229331513441896e-01
3.953482018981799295e-01
3.972717352976781191e-01
3.991935249066428382e-01
4.011135622895541375e-01
4.030318390185704813e-01
4.049483466735702142e-01
4.068630768422162314e-01
4.087760211199528704e-01
4.106871711100879008e-01
4.125965184237676553e-01
4.145040546800935477e-01
4.164097715060935401e-01
4.183136605367800409e-01
4.202157134152043616e-01
4.221159217924597695e-01
4.240142773277421617e-01
4.259107716883818728e-01
4.278053965498775368e-01
4.296981435959371654e-01
4.315890045185073465e-01
4.334779710178067735e-01
4.353650348024006300e-01
4.372501875891640077e-01
4.391334211033781632e-01
4.410147270787431739e-01
4.428940972574490487e-01
4.447715233901433085e-01
4.466469972360373464e-01
4.485205105628871647e-01
4.503920551470633749e-01
4.522616227735840044e-01
4.541292052361530773e-01
4.559947943371493451e-01
4.578583818877440259e-01
4.597199597078710509e-01
4.615795196262999500e-01
4.634370534806549480e-01
4.652925531174419982e-01
4.671460103920994089e-01
4.689974171690404203e-01
4.708467653216661386e-01
4.726940467324291517e-01
4.745392532928280338e-01
4.763823769035107625e-01
4.782234094742141561e-01
4.800623429239037065e-01
4.818991691807371081e-01
4.837338801821082779e-01
4.855664678747116936e-01
4.873969242145597680e-01
4.892252411670285350e-01
4.910514107068652545e-01
4.928754248182670161e-01
4.946972754948713025e-01
4.965169547398188277e-01
4.983344545657856228e-01
5.001497669950091263e-01
5.019628840593254315e-01
5.037737978002136963e-01
5.055825002688122405e-01
5.073889835259967063e-01
5.091932396423488605e-01
5.109952606982491874e-01
5.127950387838675628e-01
5.145925659992308665e-01
5.163878344542505161e-01
5.181808362687411185e-01
5.199715635724931895e-01
5.217600085052481740e-01
5.235461632167823787e-01
5.253300198669179633e-01
5.271115706255609101e-01
5.288908076727636409e-01
5.306677231987058097e-01
5.324423094037620263e-01
5.342145584985440454e-01
5.359844627039119791e-01
5.377520142510268109e-01
5.395172053813697133e-01
5.412800283467867901e-01
5.430404754095078390e-01
5.447985388421968667e-01
5.465542109280013827e-01
5.483074839605286410e-01
5.500583502439454486e-01
5.518068020929813855e-01
5.535528318329431263e-01
5.552964317997886035e-01
5.570375943401238983e-01
5.587763118112745175e-01
5.605125765812892791e-01
5.622463810289651809e-01
5.639777175439312229e-01
5.657065785266323088e-01
5.674329563883790950e-01
5.691568435513720825e-01
5.708782324487605697e-01
5.725971155246626365e-01
5.743134852341906793e-01
5.760273340434672873e-01
5.777386544296981841e-01
5.794474388811949872e-01
5.811536798973966356e-01
5.828573699889003645e-01
5.845585016774961229e-01
5.862570674962362949e-01
5.879530599893934006e-01
5.896464717125502464e-01
5.913372952326232390e-01
5.930255231278733774e-01
5.947111479879941820e-01
5.963941624140458586e-01
5.980745590186081762e-01
5.997523304257103005e-01
6.014274692709169479e-01
6.030999682013442609e-01
6.047698198757222032e-01
6.064370169643643615e-01
6.081015521492274534e-01
6.097634181240119133e-01
6.114226075940917271e-01
6.130791132765790463e-01
6.147329279004005720e-01
6.163840442062714642e-01
6.180324549467521855e-01
6.196781528862769228e-01
6.213211308012129841e-01
6.229613814798401483e-01
6.245988977224159466e-01
6.262336723412011974e-01
6.278656981604883169e-01
6.294949680166423978e-01
6.311214747581292972e-01
6.327452112455207445e-01
6.343661703515822703e-01
6.359843449612406774e-01
6.375997279716388855e-01
6.392123122922319656e-01
6.408220908446876640e-01
6.424290565630270677e-01
6.440332023936088390e-01
6.456345212951728474e-01
6.472330062388615968e-01
6.488286502082798446e-01
6.504214461994614060e-01
6.520113872209672978e-01
6.535984662938880696e-01
6.551826764518853263e-01
6.567640107411876205e-01
6.583424622206724974e-01
6.599180239618570587e-01
6.614906890489500313e-01
6.630604505788696423e-01
6.646273016612848084e-01
6.661912354186357854e-01
6.677522449861637011e-01
6.693103235119548522e-01
6.708654641569499200e-01
6.724176600949932636e-01
6.739669045128535707e-01
6.755131906102520567e-01
6.770565115998986583e-01
6.785968607075216763e-01
6.801342311718843181e-01
6.816686162448376551e-01
6.832000091913109641e-01
6.847284032893830030e-01
6.862537918303278639e-01
6.877761681185697862e-01
6.892955254717572089e-01
6.908118572207990749e-01
6.923251567098959169e-01
6.938354172965379707e-01
6.953426323515831120e-01
6.968467952592195536e-01
6.983478994170685406e-01
6.998459382361474912e-01
7.013409051409480455e-01
7.028327935694418382e-01
7.043215969731094761e-01
7.058073088169660725e-01
7.072899225796189793e-01
7.087694317532516886e-01
7.102458298436993278e-01
7.117191103704131327e-01
7.131892668665692492e-01
7.146562928790350933e-01
7.161201819684335224e-01
7.175809277091441674e-01
7.190385236893459542e-01
7.204929635110338682e-01
7.219442407900904524e-01
7.233923491562513908e-01
7.248372822531657933e-01
7.262790337384127382e-01
7.277175972835571161e-01
7.291529665741308674e-01
7.305851353097145839e-01
7.320140972039322902e-01
7.334398459844749807e-01
7.348623753931217140e-01
7.362816791858074472e-01
7.376977511326318071e-01
7.391105850178640857e-01
7.405201746399864282e-01
7.419265138117320246e-01
7.433295963600845546e-01
7.447294161263158241e-01
7.461259669660597060e-01
7.475192427492873826e-01
7.489092373603052355e-01
7.502959446978638702e-01
7.516793586751265854e-01
7.530594732197225527e-01
7.544362822737479268e-01
7.558097797938155837e-01
7.571799597510637803e-01
7.585468161312352020e-01
7.599103429345990257e-01
7.612705341760908073e-01
7.626273838852500875e-01
7.639808861063150935e-01
7.653310348982026445e-01
7.666778243345432342e-01
7.680212485037091197e-01
7.693613015088522911e-01
7.706979774679416639e-01
7.720312705137492015e-01
7.733611747938968772e-01
7.746876844708741050e-01
7.760107937220928065e-01
7.773304967398776411e-01
7.786467877314803276e-01
7.799596609191912222e-01
7.812691105402312930e-01
7.825751308469002243e-01
7.838777161065195731e-01
7.851768606015137042e-01
7.864725586293924708e-01
7.877648045028121659e-01
7.890535925495598679e-01
7.903389171126087298e-01
7.916207725501256398e-01
7.928991532355353922e-01
7.941740535574749460e-01
7.954454679198910139e-01
7.967133907420188565e-01
7.979778164584251376e-01
7.992387395190037047e-01
8.004961543890388720e-01
8.017500555492238501e-01
8.030004374956691837e-01
8.042472947399261773e-01
8.054906218090235326e-01
8.067304132454633514e-01
8.079666636073160602e-01
8.091993674681485782e-01
8.104285194171184648e-01
8.116541140589663694e-01
8.128761460140505601e-01
8.140946099183521412e-01
8.153095004235447751e-01
8.165208121969577126e-01
8.177285399216444040e-01
8.189326782963955997e-01
8.201332220357473446e-01
8.213301658699959651e-01
8.225235045452695681e-01
8.237132328235075018e-01
8.248993454825116478e-01
8.260818373159318773e-01
8.272607031333002459e-01
8.284359377601230312e-01
8.296075360377782593e-01
8.307754928236525949e-01
8.319398029911025949e-01
8.331004614294698074e-01
8.342574630441517147e-01
8.354108027565780858e-01
8.365604755042848062e-01
8.377064762408659160e-01
8.388487999360453307e-01
8.399874415756988233e-01
8.411223961618375933e-01
8.422536587127033014e-01
8.433812242626966826e-01
8.445050878624709156e-01
8.456252445789073091e-01
8.467416894952048967e-01
8.478544177107913971e-01
8.489634243414591053e-01
8.500687045193131564e-01
8.511702533928128256e-01
8.522680661268212665e-01
8.533621379025614351e-01
8.544524639177170089e-01
8.555390393863826493e-01
8.566218595391318358e-01
8.577009196230278576e-01
8.587762149016028301e-01
8.598477406549503987e-01
8.609154921796925430e-01
8.619794647890481887e-01
8.630396538127760309e-01
8.640960545972817819e-01
8.651486625055798685e-01
8.661974729173411713e-01
8.672424812288883622e-01
8.682836828532675133e-01
8.693210732201919200e-01
8.703546477761309186e-01
8.713844019842936772e-01
8.724103313246728275e-01
8.734324312940304758e-01
8.744506974059439441e-01
8.754651251908264209e-01
8.764757101959324004e-01
8.774824479853832182e-01
8.784853341401864801e-01
8.794843642582688137e-01
8.804795339544501109e-01
8.814708388605305700e-01
8.824582746252681575e-01
8.834418369144038108e-01
8.844215214106410095e-01
8.853973238137684554e-01
8.863692398405716988e-01
8.873372652249175152e-01
8.883013957177381403e-01
8.892616270870589146e-01
8.902179551180245953e-01
8.911703756129322196e-01
8.921188843911889155e-01
8.930634772894073814e-01
8.940041501613759101e-01
8.949408988780958030e-01
8.958737193277824806e-01
8.968026074159025640e-01
8.977275590651814241e-01
8.986485702156099542e-01
8.995656368245085188e-01
9.004787548664764385e-01
9.013879203334707046e-01
9.022931292347768917e-01
9.031943775970541211e-01
9.040916614643581539e-01
9.049849768981382825e-01
9.058743199772614219e-01
9.067596867980325381e-01
9.076410734742028641e-01
9.085184761370046491e-01
9.093918909351483837e-01
9.102613140348649878e-01
9.111267416198792768e-01
9.119881698914905632e-01
9.128455950685074871e-01
9.136990133873559294e-01
9.145484211020187271e-01
9.153938144841058389e-01
9.162351898228275893e-01
9.170725434250400765e-01
9.179058716152466157e-01
9.187351707356234964e-01
9.195604371460248672e-01
9.203816672240321406e-01
9.211988573649089185e-01
9.220120039816763757e-01
9.228211035051000488e-01
9.236261523837042686e-01
9.244271470837928106e-01
9.252240840894694340e-01
9.260169599026416565e-01
9.268057710430576135e-01
9.275905140482819666e-01
9.283711854737789482e-01
9.291477818928277621e-01
9.299202998966384914e-01
9.306887360943055798e-01
9.314530871128559042e-01
9.322133495972196870e-01
9.329695202102988860e-01
9.337215956329528721e-01
9.344695725639922124e-01
9.352134477202473928e-01
9.359532178365487232e-01
9.366888796657227845e-01
9.374204299786486061e-01
9.381478655642541131e-01
9.388711832295142390e-01
9.395903797994912265e-01
9.403054521173349611e-01
9.410163970442847470e-01
9.417232114597264836e-01
9.424258922611558065e-01
9.431244363642108386e-01
9.438188407026891769e-01
9.445091022285662108e-01
9.451952179119824660e-01
9.458771847413113276e-01
9.465549997231073043e-01
9.472286598821750836e-01
9.478981622615106906e-01
9.485635039224005194e-01
9.492246819443899142e-01
9.498816934253064836e-01
9.505345354812401171e-01
9.511832052465956089e-01
9.518276998741008743e-01
9.524680165347879646e-01
9.531041524180483560e-01
9.537361047316128548e-01
9.543638707015874578e-01
9.549874475724448031e-01
9.556068326070494834e-01
9.562220230866610438e-01
9.568330163109660669e-01
9.574398095980406476e-01
9.580424002844207809e-01
9.586407857250903719e-01
9.592349632934970005e-01
9.598249303815320488e-01
9.604106843995874332e-01
9.609922227765490543e-01
9.615695429598073440e-01
9.621426424152601520e-01
9.627115186273454972e-01
9.632761690990144787e-01
9.638365913517932260e-01
9.643927829257458173e-01
9.649447413795271267e-01
9.654924642903542908e-01
9.660359492540468995e-01
9.665751938850255520e-01
9.671101958163249579e-01
9.676409526995904953e-01
9.681674622051196222e-01
9.686897220218375626e-01
9.692077298573298361e-01
9.697214834378530268e-01
9.702309805083291216e-01
9.707362188323503949e-01
9.712371961922253716e-01
9.717339103889449659e-01
9.722263592422329959e-01
9.727145405905329723e-01
9.731984522910138713e-01
9.736780922195727994e-01
9.741534582708852863e-01
9.746245483583581004e-01
9.750913604141959734e-01
9.755538923893590786e-01
9.760121422536112146e-01
9.764661079954940481e-01
9.769157876223639736e-01
9.773611791603933341e-01
9.778022806545721979e-01
9.782390901687318951e-01
9.786716057855191497e-01
9.790998256064533667e-01
9.795237477518927705e-01
9.799433703610754831e-01
9.803586915921059797e-01
9.807697096219676336e-01
9.811764226465158334e-01
9.815788288805292749e-01
9.819769265576724360e-01
9.823707139305415392e-01
9.827601892706473441e-01
9.831453508683983822e-01
9.835261970331685699e-01
9.839027260932703411e-01
9.842749363959610864e-01
9.846428263074381571e-01
9.850063942129111405e-01
9.853656385165076026e-01
9.857205576413622383e-01
9.860711500295834542e-01
9.864174141422809017e-01
9.867593484595605924e-01
9.870969514805296718e-01
9.874302217232966417e-01
9.877591577250112165e-01
9.880837580418263544e-01
9.884040212489466626e-01
9.887199459405996427e-01
9.890315307300644454e-01
9.893387742496563275e-01
9.896416751507653986e-01
9.899402321038318631e-01
9.902344437983694458e-01
9.905243089429622838e-01
9.908098262652550448e-01
9.910909945120115472e-01
9.913678124490550303e-01
9.916402788613253305e-01
9.919083925528470180e-01
9.921721523467625925e-01
9.924315570853311508e-01
9.926866056298973007e-01
9.929372968609695427e-01
9.931836296781382245e-01
9.934256030001584747e-01
9.936632157649128994e-01
9.938964669294073628e-01
9.941253554698145090e-01
9.943498803814342368e-01
9.945700406787497672e-01
9.947858353953870081e-01
9.949972635841297652e-01
9.952043243169269582e-01
9.954070166849126045e-01
9.956053397983724018e-01
9.957992927867947985e-01
9.959888747988274726e-01
9.961740850023290683e-01
9.963549225843345569e-01
9.965313867510641188e-01
9.967034767279377983e-01
9.968711917596011496e-01
9.970345311098713914e-01
9.971934940617803722e-01
9.973480799175783451e-01
9.974982879987355222e-01
9.976441176459190929e-01
9.977855682190095443e-01
9.979226390971313032e-01
9.980553296786199846e-01
9.981836393810522567e-01
9.983075676412019872e-01
9.984271139151246199e-01
9.985422776780650267e-01
9.986530584245179032e-01
9.987594556682347635e-01
9.988614689421790871e-01
9.989590977985779441e-01
9.990523418089060081e-01
9.991412005638676819e-01
9.992256736734265177e-01
9.993057607667970021e-01
9.993814614924387829e-01
9.994527755180698803e-01
9.995197025306697958e-01
9.995822422364715187e-01
9.996403943609492027e-01
9.996941586488526932e-01
9.997435348641908748e-01
9.997885227902384431e-01
9.998291222295123681e-01
9.998653330038103082e-01
9.998971549541904036e-01
9.999245879409769389e-01
9.999476318437460209e-01
9.999662865613443419e-01
9.999805520119049440e-01
9.999904281328043654e-01
9.999959148806808473e-01
9.999970122314640886e-01
9.999937201803313913e-01
9.999860387417327523e-01
9.999739679493894196e-01
9.999575078562817909e-01
9.999366585346575187e-01
9.999114200760382820e-01
9.998817925912025784e-01
9.998477762101890542e-01
9.998093710823221514e-01
9.997665773761866825e-01
9.997193952796060712e-01
9.996678249996819865e-01
9.996118667627829080e-01
9.995515208145304697e-01
9.994867874198181124e-01
9.994176668627752225e-01
9.993441594468056577e-01
9.992662654945644318e-01
9.991839853479604905e-01
9.990973193681477182e-01
9.990062679355503628e-01
9.989108314498169605e-01
9.988110103298760700e-01
9.987068050138696584e-01
9.985982159592033947e-01
9.984852436425132316e-01
9.983678885597039310e-01
9.982461512258706815e-01
9.981200321753820326e-01
9.979895319618219407e-01
9.978546511580075329e-01
9.977153903559886627e-01
9.975717501670445797e-01
9.974237312216663875e-01
9.972713341695698119e-01
9.971145596796973098e-01
9.969534084401838747e-01
9.967878811583997800e-01
9.966179785608989539e-01
9.964437013934785980e-01
9.962650504211014724e-01
9.960820264279358627e-01
9.958946302173476983e-01
9.957028626118971104e-01
9.955067244533477577e-01
9.953062166026205304e-01
9.951013399398159764e-01
9.948920953642379494e-01
9.946784837943435376e-01
9.944605061677675995e-01
9.942381634413079983e-01
9.940114565909048405e-01
9.937803866116653451e-01
9.935449545178725028e-01
9.933051613429237925e-01
9.930610081393547173e-01
9.928124959788813264e-01
9.925596259523230547e-01
9.923023991696189317e-01
9.920408167598516735e-01
9.917748798712168190e-01
9.915045896710116269e-01
9.912299473456631649e-01
9.909509541006773503e-01
9.906676111606832480e-01
9.903799197693856637e-01
9.900878811895897913e-01
9.897914967031646860e-01
9.894907676110740180e-01
9.891856952333278885e-01
9.888762809090249073e-01
9.885625259963234379e-01
9.882444318724079579e-01
9.879219999335305813e-01
9.875952315949717564e-01
9.872641282910666893e-01
9.869286914751541628e-01
9.865889226196046247e-01
9.862448232158231853e-01
9.858963947741881118e-01
9.855436388240953471e-01
9.851865569139519607e-01
9.848251506111183051e-01
9.844594215019799588e-01
9.840893711918444753e-01
9.837150013050458552e-01
9.833363134848286391e-01
9.829533093934236243e-01
9.825659907119846936e-01
9.821743591406254525e-01
9.817784163983632739e-01
9.813781642231736990e-01
9.809736043719176068e-01
9.805647386203768523e-01
9.801515687632320617e-01
9.797340966140571927e-01
9.793123240053143164e-01
9.788862527883414044e-01
9.784558848333351211e-01
9.780212220293721392e-01
9.775822662843590694e-01
9.771390195250445609e-01
9.766914836970482794e-01
9.762396607647544355e-01
9.757835527114460117e-01
9.753231615391214637e-01
9.748584892686640302e-01
9.743895379397075063e-01
9.739163096106596695e-01
9.734388063587263717e-01
9.729570302798633552e-01
9.724709834887957927e-01
9.719806681189784303e-01
9.714860863225980303e-01
9.709872402706014594e-01
9.704841321526157527e-01
9.699767641769829751e-01
9.694651385707692137e-01
9.689492575797149509e-01
9.684291234682179672e-01
9.679047385193774167e-01
9.673761050349246604e-01
9.668432253352605699e-01
9.663061017594133384e-01
9.657647366650425891e-01
9.652191324284218332e-01
9.646692914444441325e-01
9.641152161265642562e-01
9.635569089068838355e-01
9.629943722360093661e-01
9.624276085831603433e-01
9.618566204361057581e-01
9.612814103011455558e-01
9.607019807031200731e-01
9.601183341853726239e-01
9.595304733097802519e-01
9.589384006567042151e-01
9.583421188250064171e-01
9.577416304320125473e-01
9.571369381135109711e-01
9.565280445237513973e-01
9.559149523354053546e-01
9.552976642396098228e-01
9.546761829458895177e-01
9.540505111821808715e-01
9.534206516948215970e-01
9.527866072485232651e-01
9.521483806263721927e-01
9.515059746298029086e-01
9.508593920786196918e-01
9.502086358109187447e-01
9.495537086831475904e-01
9.488946135700593310e-01
9.482313533646976600e-01
9.475639309783785436e-01
9.468923493406972147e-01
9.462166113995141847e-01
9.455367201209069483e-01
9.448526784892111730e-01
9.441644895069687404e-01
9.434721561949345192e-01
9.427756815920241840e-01
9.420750687553754998e-01
9.413703207602642786e-01
9.406614407001083755e-01
9.399484316864989975e-01
9.392312968491074443e-01
9.385100393357548310e-01
9.377846623123228254e-01
9.370551689628011660e-01
9.363215624892345934e-01
9.355838461117356175e-01
9.348420230684443277e-01
9.340960966155205103e-01
9.333460700271509758e-01
9.325919465955202492e-01
9.318337296307777073e-01
9.310714224610595613e-01
9.303050284324438923e-01
9.295345509089562031e-01
9.287599932725436602e-01
9.279813589230602178e-01
9.271986512782464107e-01
9.264118737737403464e-01
9.256210298630380695e-01
9.248261230174608105e-01
9.240271567262086094e-01
9.232241344962665019e-01
9.224170598524337183e-01
9.216059363372991475e-01
9.207907675112069201e-01
9.199715569522841641e-01
9.191483082563861595e-01
9.183210250370827943e-01
9.174897109256719974e-01
9.166543695711377726e-01
9.158150046401348776e-01
9.149716198169844938e-01
9.141242188036553529e-01
9.132728053197486373e-01
9.124173831024486869e-01
9.115579559065820625e-01
9.106945275045192911e-01
9.098271016862232718e-01
9.089556822591671192e-01
9.080802730483764629e-01
9.072008778963901454e-01
9.063175006632234743e-01
9.054301452264135186e-01
9.045388154809077541e-01
9.036435153391370045e-01
9.027442487309376151e-01
9.018410196035729909e-01
9.009338319216659841e-01
9.000226896672711696e-01
8.991075968397466145e-01
8.981885574558315932e-01
8.972655755495551055e-01
8.963386551722827278e-01
8.954078003926236873e-01
8.944730152965199022e-01
8.935343039871275206e-01
8.925916705848325750e-01
8.916451192272422110e-01
8.906946540691541570e-01
8.897402792825759299e-01
8.887819990566477868e-01
8.878198175976512729e-01
8.868537391290067795e-01
8.858837678912221403e-01
8.849099081419187218e-01
8.839321641557601472e-01
8.829505402244728351e-01
8.819650406568163570e-01
8.809756697785586788e-01
8.799824319324641708e-01
8.789853314782521965e-01
8.779843727926152086e-01
8.769795602691724534e-01
8.759708983184679720e-01
8.749583913679386260e-01
8.739420438618984432e-01
8.729218602615163025e-01
8.718978450447981698e-01
8.708700027065749971e-01
8.698383377584633092e-01
8.688028547288897396e-01
8.677635581630031014e-01
8.667204526227172412e-01
8.656735426866417615e-01
8.646228329501178811e-01
8.635683280251381655e-01
8.625100325403569634e-01
8.614479511410683132e-01
8.603820884892006138e-01
8.593124492632541189e-01
8.582390381583381300e-01
8.571618598860862859e-01
8.560809191746867608e-01
8.549962207688360794e-01
8.539077694297164678e-01
8.528155699350075114e-01
8.517196270788086609e-01
8.506199456716817542e-01
8.495165305405901757e-01
8.484093865288629965e-01
8.472985184962229521e-01
8.461839313187320410e-01
8.450656298887823104e-01
8.439436191150552213e-01
8.428179039225208724e-01
8.416884892524046924e-01
8.405553800621827776e-01
8.394185813255526929e-01
8.382780980323830677e-01
8.371339351887214786e-01
8.359860978167884538e-01
8.348345909549190758e-01
8.336794196575434412e-01
8.325205889951966531e-01
8.313581040544663070e-01
8.301919699379788353e-01
8.290221917643778582e-01
8.278487746683014237e-01
8.266717238003855606e-01
8.254910443271801235e-01
8.243067414311699981e-01
8.231188203107620005e-01
8.219272861802393582e-01
8.207321442697289582e-01
8.195333998252165575e-01
8.183310581084665136e-01
8.171251243970851785e-01
8.159156039843942221e-01
8.147025021794864763e-01
8.134858243071759754e-01
8.122655757079625394e-01
8.110417617380216715e-01
8.098143877691736936e-01
8.085834591888932943e-01
8.073489814002182685e-01
8.061109598217940375e-01
8.048693998878059253e-01
8.036243070479777151e-01
8.023756867675390092e-01
8.011235445271954747e-01
7.998678858231323963e-01
7.986087161669436219e-01
7.973460410856622049e-01
7.960798661216788030e-01
7.948101968327632161e-01
7.935370387920310797e-01
7.922603975878961258e-01
7.909802788240509752e-01
7.896966881194925625e-01
7.884096311084325404e-01
7.871191134402730771e-01
7.858251407796558174e-01
7.845277188063486395e-01
7.832268532152790730e-01
7.819225497164916661e-01
7.806148140351224507e-01
7.793036519113450966e-01
7.779890691004103243e-01
7.766710713725591964e-01
7.753496645130336651e-01
7.740248543220312749e-01
7.726966466147096035e-01
7.713650472211062148e-01
7.700300619861925044e-01
7.686916967697361436e-01
7.673499574463996664e-01
7.660048499056216764e-01
7.646563800516407161e-01
7.633045538034604061e-01
7.619493770947943778e-01
7.605908558740757108e-01
7.592289961044303981e-01
7.578638037636098446e-01
7.564952848440225086e-01
7.551234453526699530e-01
7.537482913111031024e-01
7.523698287554712039e-01
7.509880637364063638e-01
7.496030023190544123e-01
7.482146505830040706e-01
7.468230146223149291e-01
7.454281005454584941e-01
7.440299144753153016e-01
7.426284625490642277e-01
7.412237509182943995e-01
7.398157857488449896e-01
7.384045732208662782e-01
7.369901195287560380e-01
7.355724308811311118e-01
7.341515135008299664e-01
7.327273736248353098e-01
7.313000175043006257e-01
7.298694514044791193e-01
7.284356816047161676e-01
7.269987143984155686e-01
7.255585560930466471e-01
7.241152130100404483e-01
7.226686914848338139e-01
7.212189978668100965e-01
7.197661385192840600e-01
7.183101198194405956e-01
7.168509481583783538e-01
7.153886299409751848e-01
7.139231715859690741e-01
7.124545795258679926e-01
7.109828602069256931e-01
7.095080200891380473e-01
7.080300656461878672e-01
7.065490033654251434e-01
7.050648397478515017e-01
7.035775813080672458e-01
7.020872345742731335e-01
7.005938060882209717e-01
6.990973024051896356e-01
6.975977300939452119e-01
6.960950957367355585e-01
6.945894059292628819e-01
6.930806672806113511e-01
6.915688864132524261e-01
6.900540699630326458e-01
6.885362245791172287e-01
6.870153569239392244e-01
6.854914736732342639e-01
6.839645815159393072e-01
6.824346871542332771e-01
6.809017973034594551e-01
6.793659186921117143e-01
6.778270580617773433e-01
6.762852221671745712e-01
6.747404177760504274e-01
6.731926516691953966e-01
6.716419306404004530e-01
6.700882614964227546e-01
6.685316510569612181e-01
6.669721061546169949e-01
6.654096336348694907e-01
6.638442403560914640e-01
6.622759331894259027e-01
6.607047190188305441e-01
6.591306047410144808e-01
6.575535972654030781e-01
6.559737035141566253e-01
6.543909304220734136e-01
6.528052849366194899e-01
6.512167740178254061e-01
6.496254046383426184e-01
6.480311837833269140e-01
6.464341184505084659e-01
6.448342156500525002e-01
6.432314824046009294e-01
6.416259257492135104e-01
6.400175527313424206e-01
6.384063704108143833e-01
6.367923858597724918e-01
6.351756061626466776e-01
6.335560384161748049e-01
6.319336897292974209e-01
6.303085672231887315e-01
6.286806780311845477e-01
6.270500292987581936e-01
6.254166281835027430e-01
6.237804818551110353e-01
6.221415974952975159e-01
6.204999822978028989e-01
6.188556434683570862e-01
6.172085882246534094e-01
6.155588237963030007e-01
6.139063574247951571e-01
6.122511963634938992e-01
6.105933478775875667e-01
6.089328192440663923e-01
6.072696177516728744e-01
6.056037507008945608e-01
6.039352254039040968e-01
6.022640491845626665e-01
6.005902293783615953e-01
5.989137733323776080e-01
5.972346884052645022e-01
5.955529819672458203e-01
5.938686614000119324e-01
5.921817340967553411e-01
5.904922074620925221e-01
5.888000889120428294e-01
5.871053858740473697e-01
5.854081057868583127e-01
5.837082561005269010e-01
5.820058442763990092e-01
5.803008777870624080e-01
5.785933641163384378e-01
5.768833107592121756e-01
5.751707252218041244e-01
5.734556150213708792e-01
5.717379876862421773e-01
5.700178507557877028e-01
5.682952117804196401e-01
5.665700783215178449e-01
5.648424579513897648e-01
5.631123582532890914e-01
5.613797868213373787e-01
5.596447512605100538e-01
5.579072591866036657e-01
5.561673182261903658e-01
5.544249360165942608e-01
5.526801202058522211e-01
5.509328784526813516e-01
5.491832184264564543e-01
5.474311478071554049e-01
5.456766742853511598e-01
5.439198055621512484e-01
5.421605493491730154e-01
5.403989133685367374e-01
5.386349053527892394e-01
5.368685330448823567e-01
5.350998041981672726e-01
5.333287265763436702e-01
5.315553079533895664e-01
5.297795561135771880e-01
5.280014788514155732e-01
5.262210839716319200e-01
5.244383792891197382e-01
5.226533726288959958e-01
5.208660718261050038e-01
5.190764847259454751e-01
5.172846191836644181e-01
5.154904830645038460e-01
5.136940842436596988e-01
5.118954306062905024e-01
5.100945300474249988e-01
5.082913904719517095e-01
5.064860197946202680e-01
5.046784259399323957e-01
5.028686168421858671e-01
5.010566004453672617e-01
4.992423847031752238e-01
4.974259775789570126e-01
4.956073870456884634e-01
4.937866210859011562e-01
4.919636876917016233e-01
4.901385948647007940e-01
4.883113506159696415e-01
4.864819629660683264e-01
4.846504399449081402e-01
4.828167895918437091e-01
4.809810199555011323e-01
4.791431390938387103e-01
4.773031550740718387e-01
4.754610759726698443e-01
4.736169098752847639e-01
4.717706648767148736e-01
4.699223490808912551e-01
4.680719706008519276e-01
4.662195375586692392e-01
4.643650580854490895e-01
4.625085403212524926e-01
4.606499924151156167e-01
4.587894225249870561e-01
4.569268388176720430e-01
4.550622494688186803e-01
4.531956626628875218e-01
4.513270865931011122e-01
4.494565294614230599e-01
4.475839994784922005e-01
4.457095048636320334e-01
4.438330538447868845e-01
4.419546546584536828e-01
4.400743155497172099e-01
4.381920447721673884e-01
4.363078505878711377e-01
4.344217412673409551e-01
4.325337250894805696e-01
4.306438103415832774e-01
4.287520053192777070e-01
4.268583183264707537e-01
4.249627576753432501e-01
4.230653316863087210e-01
4.211660486879451604e-01
4.192649170170059114e-01
4.173619450183405633e-01
4.154571410448717472e-01
4.135505134575808150e-01
4.116420706254534934e-01
4.097318209254354748e-01
4.078197727424121011e-01
4.059059344691430260e-01
4.039903145062608836e-01
4.020729212622280446e-01
4.001537631532693373e-01
3.982328486033623882e-01
3.963101860441998747e-01
3.943857839151603262e-01
3.924596506632333504e-01
3.905317947430200221e-01
3.886022246166778160e-01
3.866709487538903534e-01
3.847379756318320410e-01
3.828033137351024573e-01
3.808669715557622126e-01
3.789289575932257015e-01
3.769892803542143622e-01
3.750479483527951463e-01
3.731049701102714389e-01
3.711603541551833918e-01
3.692141090232577416e-01
3.672662432573677860e-01
3.653167654075232806e-01
3.633656840307669667e-01
3.614130076912244194e-01
3.594587449599959128e-01
3.575029044151487034e-01
3.555454946416760076e-01
3.535865242314719659e-01
3.516260017832635310e-01
3.496639359025987548e-01
3.477003352017989379e-01
3.457352082999161080e-01
3.437685638227156448e-01
3.418004104026215462e-01
3.398307566786599732e-01
3.378596112964621923e-01
3.358869829082115621e-01
3.339128801725928519e-01
3.319373117547640417e-01
3.299602863262975361e-01
3.279818125652007588e-01
3.260018991558173429e-01
3.240205547887944904e-01
3.220377881610685944e-01
3.200536079758416474e-01
3.180680229424961425e-01
3.160810417765856917e-01
3.140926731998007759e-01
3.121029259399157318e-01
3.101118087307576099e-01
3.081193303121669280e-01
3.061254994299570376e-01
3.041303248358791511e-01
3.021338152875771565e-01
3.001359795485701309e-01
2.981368263881845060e-01
2.961363645815295875e-01
2.941346029094606407e-01
2.921315501585516894e-01
2.901272151210265160e-01
2.881216065947443394e-01
2.861147333831406958e-01
2.841066042952299364e-01
2.820972281455291220e-01
2.800866137540132250e-01
2.780747699461008637e-01
2.760617055526149444e-01
2.740474294097287045e-01
2.720319503589454513e-01
2.700152772470333917e-01
2.679974189260014850e-01
2.659783842530605291e-01
2.639581820906073961e-01
2.619368213061363249e-01
2.599143107722428070e-01
2.578906593665837854e-01
2.558658759717806763e-01
2.538399694754533420e-01
2.518129487701610270e-01
2.497848227533273624e-01
2.477556003272259055e-01
2.457252903989727288e-01
2.436939018804339108e-01
2.416614436882259243e-01
2.396279247436449156e-01
2.375933539726412524e-01
2.355577403058053132e-01
2.335210926782816943e-01
2.314834200297570810e-01
2.294447313044476466e-01
2.274050354509780658e-01
2.253643414224193176e-01
2.233226581762436935e-01
2.212799946742330659e-01
2.192363598824859094e-01
2.171917627713682020e-01
2.151462123154610495e-01
2.130997174935336802e-01
2.110522872885075840e-01
2.090039306874021952e-01
2.069546566812916211e-01
2.049044742653098328e-01
2.028533924385376719e-01
2.008014202040459273e-01
1.987485665687898362e-01
1.966948405435655078e-01
1.946402511430597171e-01
1.925848073857132359e-01
1.905285182937179744e-01
1.884713928929881710e-01
1.864134402130828150e-01
1.843546692872273796e-01
1.822950891522110151e-01
1.802347088483930715e-01
1.781735374196412314e-01
1.761115839132840755e-01
1.740488573800924588e-01
1.719853668742364061e-01
1.699211214532219960e-01
1.678561301778799530e-01
1.657904021123170479e-01
1.637239463238748249e-01
1.616567718830792255e-01
1.595888878636212704e-01
1.575203033422958587e-01
1.554510273989855029e-01
1.533810691166073714e-01
1.513104375810583602e-01
1.492391418811951920e-01
1.471671911087927553e-01
1.450945943585184028e-01
1.430213607278413845e-01
1.409474993170624357e-01
1.388730192292113030e-01
1.367979295700446629e-01
1.347222394479938301e-01
1.326459579741157413e-01
1.305690942620789108e-01
1.284916574280914048e-01
1.264136565908950682e-01
1.243351008716924583e-01
1.222559993941356032e-01
1.201763612842508128e-01
1.180961956704475874e-01
1.160155116834196698e-01
1.139343184561564387e-01
1.118526251238954328e-01
1.097704408240273571e-01
1.076877746961414362e-01
1.056046358819190539e-01
1.035210335251236236e-01
1.014369767715575660e-01
9.935247476899206065e-02
9.726753666718267188e-02
9.518217161777486890e-02
9.309638877431705706e-02
9.101019729218050303e-02
8.892360632851532831e-02
8.683662504223026157e-02
8.474926259395457184e-02
8.266152814599471432e-02
8.057343086228820062e-02
7.848497990834621407e-02
7.639618445125735680e-02
7.430705365961016995e-02
7.221759670345992421e-02
7.012782275431192480e-02
6.803774098503209689e-02
6.594736056988118045e-02
6.385669068437911655e-02
6.176574050536548510e-02
5.967451921088974542e-02
5.758303598018105207e-02
5.549129999363642401e-02
5.339932043273393214e-02
5.130710648005477881e-02
4.921466731918994891e-02
4.712201213472003158e-02
4.502915011218960178e-02
4.293609043802085884e-02
4.084284229953941137e-02
3.874941488488718722e-02
3.665581738296057324e-02
3.456205898343858718e-02
3.246814887668895977e-02
3.037409625376240319e-02
2.827991030632357253e-02
2.618560022661809913e-02
2.409117520744005411e-02
2.199664444209780897e-02
1.990201712436621972e-02
1.780730244841786242e-02
1.571250960882203743e-02
1.361764780049942551e-02
1.152272621866485408e-02
9.427754058810059248e-03
7.332740516634239647e-03
5.237694788010297843e-03
3.142626068967927649e-03
1.047543555638336945e-03
-1.047543555788552723e-03
-3.142626069119166046e-03
-5.237694788172804136e-03
-7.332740516795764954e-03
-9.427754058983132610e-03
-1.152272621884450725e-02
-1.361764780066938678e-02
-1.571250960899673796e-02
-1.780730244859477299e-02
-1.990201712455193575e-02
-2.199664444229083166e-02
-2.409117520763152248e-02
-2.618560022681044180e-02
-2.827991030651804891e-02
-3.037409625395830898e-02
-3.246814887688417167e-02
-3.456205898363103046e-02
-3.665581738315647209e-02
-3.874941488509212051e-02
-4.084284229975848612e-02
-4.293609043823776866e-02
-4.502915011240095355e-02
-4.712201213492941965e-02
-4.921466731938781841e-02
-5.130710648025078174e-02
-5.339932043292992120e-02
-5.549129999382763218e-02
-5.758303598037807502e-02
-5.967451921108762186e-02
-6.176574050556291051e-02
-6.385669068457269781e-02
-6.594736057006825303e-02
-6.803774098522294422e-02
-7.012782275449079561e-02
-7.221759670363253614e-02
-7.430705365978197696e-02
-7.639618445143915582e-02
-7.848497990852865147e-02
-8.057343086247369113e-02
-8.266152814618440980e-02
-8.474926259413892438e-02
-8.683662504241095037e-02
-8.892360632869540649e-02
-9.101019729236690947e-02
-9.309638877450501782e-02
-9.518217161796348191e-02
-9.726753666735517279e-02
-9.935247476916683751e-02
-1.014369767717329812e-01
-1.035210335253101549e-01
-1.056046358821084441e-01
-1.076877746963242760e-01
-1.097704408242012319e-01
-1.118526251240633124e-01
-1.139343184563304384e-01
-1.160155116835905331e-01
-1.180961956706193527e-01
-1.201763612844300860e-01
-1.222559993943158757e-01
-1.243351008718720230e-01
-1.264136565910783383e-01
-1.284916574282739532e-01
-1.305690942622544370e-01
-1.326459579742947370e-01
-1.347222394481754071e-01
-1.367979295702281273e-01
-1.388730192293946564e-01
-1.409474993172464830e-01
-1.430213607280243771e-01
-1.450945943586923748e-01
-1.471671911089742768e-01
-1.492391418813704407e-01
-1.513104375812283076e-01
-1.533810691167806217e-01
-1.554510273991622227e-01
-1.575203033424649735e-01
-1.595888878637913566e-01
-1.616567718832445100e-01
-1.637239463240211801e-01
-1.657904021124592953e-01
-1.678561301780261694e-01
-1.699211214533673242e-01
-1.719853668743764052e-01
-1.740488573802345673e-01
-1.761115839134248795e-01
-1.781735374197808142e-01
-1.802347088485389270e-01
-1.822950891523541228e-01
-1.843546692873623272e-01
-1.864134402132220647e-01
-1.884713928931202875e-01
-1.905285182938527555e-01
-1.925848073858413001e-01
-1.946402511431953586e-01
-1.966948405436880765e-01
-1.987485665688975278e-01
-2.008014202041610852e-01
-2.028533924386522191e-01
-2.049044742654247686e-01
-2.069546566814096100e-01
-2.090039306875123570e-01
-2.110522872886186896e-01
-2.130997174936476724e-01
-2.151462123155676032e-01
-2.171917627714747001e-01
-2.192363598825947946e-01
-2.212799946743416457e-01
-2.233226581763556873e-01
-2.253643414225356967e-01
-2.274050354510900873e-01
-2.294447313045671899e-01
-2.314834200298952205e-01
-2.335210926784108965e-01
-2.355577403059380959e-01
-2.375933539727774213e-01
-2.396279247437770321e-01
-2.416614436883631478e-01
-2.436939018805703294e-01
-2.457252903991113957e-01
-2.477556003273642393e-01
-2.497848227534664456e-01
-2.518129487703094638e-01
-2.538399694756071634e-01
-2.558658759719298903e-01
-2.578906593667277258e-01
-2.599143107723922430e-01
-2.619368213062736594e-01
-2.639581820907350163e-01
-2.659783842531892040e-01
-2.679974189261276618e-01
-2.700152772471644536e-01
-2.720319503590838406e-01
-2.740474294098702024e-01
-2.760617055527552766e-01
-2.780747699462326472e-01
-2.800866137541402900e-01
-2.820972281456680109e-01
-2.841066042953767079e-01
-2.861147333832761430e-01
-2.881216065948740690e-01
-2.901272151211553574e-01
-2.921315501586825292e-01
-2.941346029095915915e-01
-2.961363645816539325e-01
-2.981368263883029668e-01
-3.001359795486948090e-01
-3.021338152877001693e-01
-3.041303248360002764e-01
-3.061254994300853238e-01
-3.081193303122992666e-01
-3.101118087308922799e-01
-3.121029259400415756e-01
-3.140926731999256760e-01
-3.160810417767058178e-01
-3.180680229426003924e-01
-3.200536079759403463e-01
-3.220377881611788951e-01
-3.240205547889017379e-01
-3.260018991559347490e-01
-3.279818125653299332e-01
-3.299602863264256003e-01
-3.319373117548841123e-01
-3.339128801727066498e-01
-3.358869829083222514e-01
-3.378596112965661646e-01
-3.398307566787573397e-01
-3.418004104027216328e-01
-3.437685638228176743e-01
-3.457352083000176379e-01
-3.477003352019034654e-01
-3.496639359027133298e-01
-3.516260017833868767e-01
-3.535865242316051926e-01
-3.555454946418143414e-01
-3.575029044152810975e-01
-3.594587449601313045e-01
-3.614130076913630862e-01
-3.633656840309004155e-01
-3.653167654076509008e-01
-3.672662432575017899e-01
-3.692141090233850842e-01
-3.711603541553157304e-01
-3.731049701104011129e-01
-3.750479483529119973e-01
-3.769892803543227755e-01
-3.789289575933289522e-01
-3.808669715558702373e-01
-3.828033137352025439e-01
-3.847379756319274646e-01
-3.866709487539866652e-01
-3.886022246167785688e-01
-3.905317947431259928e-01
-3.924596506633455384e-01
-3.943857839152789535e-01
-3.963101860443141722e-01
-3.982328486034659720e-01
-4.001537631533689243e-01
-4.020729212623249671e-01
-4.039903145063672429e-01
-4.059059344692330651e-01
-4.078197727424937580e-01
-4.097318209255255139e-01
-4.116420706255438100e-01
-4.135505134576644148e-01
-4.154571410449466318e-01
-4.173619450184145596e-01
-4.192649170170891781e-01
-4.211660486880430265e-01
-4.230653316864111946e-01
-4.249627576754504976e-01
-4.268583183265730607e-01
-4.287520053193703551e-01
-4.306438103416717622e-01
-4.325337250895647800e-01
-4.344217412674208911e-01
-4.363078505879600666e-01
-4.381920447722575385e-01
-4.400743155498089143e-01
-4.419546546585592650e-01
-4.438330538448919116e-01
-4.457095048637523260e-01
-4.475839994786077747e-01
-4.494565294615281426e-01
-4.513270865932151876e-01
-4.531956626629987106e-01
-4.550622494689227637e-01
-4.569268388177827878e-01
-4.587894225250983005e-01
-4.606499924152279157e-01
-4.625085403213561319e-01
-4.643650580855526178e-01
-4.662195375587898094e-01
-4.680719706009762726e-01
-4.699223490810278125e-01
-4.717706648768449917e-01
-4.736169098754179907e-01
-4.754610759728211677e-01
-4.773031550742242723e-01
-4.791431390939750457e-01
-4.809810199556338040e-01
-4.828167895919839303e-01
-4.846504399450504708e-01
-4.864819629662012201e-01
-4.883113506161089745e-01
-4.901385948648283031e-01
-4.919636876918427326e-01
-4.937866210860440419e-01
-4.956073870458320707e-01
-4.974259775791096683e-01
-4.992423847033206630e-01
-5.010566004455018208e-01
-5.028686168423196490e-01
-5.046784259400682870e-01
-5.064860197947498310e-01
-5.082913904720867126e-01
-5.100945300475545618e-01
-5.118954306064178450e-01
-5.136940842437895949e-01
-5.154904830646263036e-01
-5.172846191837885410e-01
-5.190764847260713744e-01
-5.208660718262320133e-01
-5.226533726290237825e-01
-5.244383792892448604e-01
-5.262210839717639255e-01
-5.280014788515485780e-01
-5.297795561137120801e-01
-5.315553079535288994e-01
-5.333287265764866669e-01
-5.350998041983168196e-01
-5.368685330450246873e-01
-5.386349053529253528e-01
-5.403989133686784019e-01
-5.421605493493119043e-01
-5.439198055622881389e-01
-5.456766742854888275e-01
-5.474311478073033976e-01
-5.491832184266016714e-01
-5.509328784528298995e-01
-5.526801202060044327e-01
-5.544249360167456953e-01
-5.561673182263546789e-01
-5.579072591867625386e-01
-5.596447512606711472e-01
-5.613797868214907005e-01
-5.631123582534438565e-01
-5.648424579515574084e-01
-5.665700783216752745e-01
-5.682952117805873948e-01
-5.700178507559491292e-01
-5.717379876863932786e-01
-5.734556150215222026e-01
-5.751707252219507849e-01
-5.768833107593498433e-01
-5.785933641164809904e-01
-5.803008777872056267e-01
-5.820058442765393414e-01
-5.837082561006690096e-01
-5.854081057870009763e-01
-5.871053858742051323e-01
-5.888000889121998149e-01
-5.904922074622427353e-01
-5.921817340968964505e-01
-5.938686614001597031e-01
-5.955529819673910374e-01
-5.972346884054210436e-01
-5.989137733325219370e-01
-6.005902293785184698e-01
-6.022640491847258692e-01
-6.039352254040651902e-01
-6.056037507010550991e-01
-6.072696177518314142e-01
-6.089328192442238219e-01
-6.105933478777376688e-01
-6.122511963636437793e-01
-6.139063574249418176e-01
-6.155588237964423337e-01
-6.172085882248048438e-01
-6.188556434685019703e-01
-6.204999822979501145e-01
-6.221415974954436212e-01
-6.237804818552590280e-01
-6.254166281836424091e-01
-6.270500292988865354e-01
-6.286806780313094478e-01
-6.303085672233104120e-01
-6.319336897294175470e-01
-6.335560384162898240e-01
-6.351756061627628069e-01
-6.367923858598800724e-01
-6.384063704109285142e-01
-6.400175527314619917e-01
-6.416259257493245327e-01
-6.432314824047155044e-01
-6.448342156501732925e-01
-6.464341184506336990e-01
-6.480311837834544786e-01
-6.496254046384567493e-01
-6.512167740179423125e-01
-6.528052849367399491e-01
-6.543909304222024215e-01
-6.559737035142747530e-01
-6.575535972655208727e-01
-6.591306047411273905e-01
-6.607047190189478947e-01
-6.622759331895399226e-01
-6.638442403562012650e-01
-6.654096336349676344e-01
-6.669721061546951546e-01
-6.685316510570532555e-01
-6.700882614965163464e-01
-6.716419306404945999e-01
-6.731926516692944285e-01
-6.747404177761482380e-01
-6.762852221672632780e-01
-6.778270580618716012e-01
-6.793659186922029747e-01
-6.809017973035567106e-01
-6.824346871543265358e-01
-6.839645815160373399e-01
-6.854914736733294101e-01
-6.870153569240350366e-01
-6.885362245792105984e-01
-6.900540699631318997e-01
-6.915688864133436864e-01
-6.930806672806979485e-01
-6.945894059293601375e-01
-6.960950957368411407e-01
-6.975977300940526815e-01
-6.990973024053062090e-01
-7.005938060883432073e-01
-7.020872345743952581e-01
-7.035775813081927010e-01
-7.050648397479759577e-01
-7.065490033655602575e-01
-7.080300656463296427e-01
-7.095080200892870392e-01
-7.109828602070764614e-01
-7.124545795260101011e-01
-7.139231715861026339e-01
-7.153886299410990857e-01
-7.168509481584918186e-01
-7.183101198195649406e-01
-7.197661385193848682e-01
-7.212189978669113488e-01
-7.226686914849274057e-01
-7.241152130101301543e-01
-7.255585560931265832e-01
-7.269987143985068290e-01
-7.284356816047952154e-01
-7.298694514045442894e-01
-7.313000175043569140e-01
-7.327273736248969271e-01
-7.341515135008788162e-01
-7.355724308811755208e-01
-7.369901195287984486e-01
-7.384045732209053581e-01
-7.398157857488856237e-01
-7.412237509183284834e-01
-7.426284625491095248e-01
-7.440299144753593774e-01
-7.454281005455066778e-01
-7.468230146223607813e-01
-7.482146505830373773e-01
-7.496030023190797253e-01
-7.509880637364485523e-01
-7.523698287555170561e-01
-7.537482913111598348e-01
-7.551234453527131407e-01
-7.564952848440723576e-01
-7.578638037636448166e-01
-7.592289961044618174e-01
-7.605908558741015790e-01
-7.619493770948199129e-01
-7.633045538034868294e-01
-7.646563800516733567e-01
-7.660048499056529847e-01
-7.673499574464225370e-01
-7.686916967697625669e-01
-7.700300619862108231e-01
-7.713650472211399656e-01
-7.726966466147370260e-01
-7.740248543220621391e-01
-7.753496645130630860e-01
-7.766710713725881732e-01
-7.779890691004376357e-01
-7.793036519113688554e-01
-7.806148140351364395e-01
-7.819225497165066541e-01
-7.832268532152926177e-01
-7.845277188063578544e-01
-7.858251407796735810e-01
-7.871191134402978351e-01
-7.884096311084562991e-01
-7.896966881195300880e-01
-7.909802788240932747e-01
-7.922603975879266569e-01
-7.935370387920630542e-01
-7.948101968328068478e-01
-7.960798661217134420e-01
-7.973460410856907377e-01
-7.986087161669829237e-01
-7.998678858231623723e-01
-8.011235445272278932e-01
-8.023756867675621018e-01
-8.036243070479947015e-01
-8.048693998878170275e-01
-8.061109598217993666e-01
-8.073489814002307030e-01
-8.085834591889001777e-01
-8.098143877691811321e-01
-8.110417617380175637e-01
-8.122655757079545458e-01
-8.134858243071727557e-01
-8.147025021794839228e-01
-8.159156039843885599e-01
-8.171251243970735212e-01
-8.183310581084598523e-01
-8.195333998252117835e-01
-8.207321442697393943e-01
-8.219272861802471297e-01
-8.231188203107718815e-01
-8.243067414311886498e-01
-8.254910443271932241e-01
-8.266717238003956636e-01
-8.278487746683228510e-01
-8.290221917643892935e-01
-8.301919699379871620e-01
-8.313581040544801848e-01
-8.325205889952128624e-01
-8.336794196575582072e-01
-8.348345909549316213e-01
-8.359860978167966694e-01
-8.371339351887254754e-01
-8.382780980323771836e-01
-8.394185813255492512e-01
-8.405553800621716753e-01
-8.416884892523890382e-01
-8.428179039224985569e-01
-8.439436191150423427e-01
-8.450656298887602169e-01
-8.461839313187090594e-01
-8.472985184961981941e-01
-8.484093865288284686e-01
-8.495165305405485423e-01
-8.506199456716503349e-01
-8.517196270787712464e-01
-8.528155699349670993e-01
-8.539077694296715038e-01
-8.549962207687891169e-01
-8.560809191746414637e-01
-8.571618598860378802e-01
-8.582390381582960526e-01
-8.593124492632187028e-01
-8.603820884891606458e-01
-8.614479511410313428e-01
-8.625100325403134427e-01
-8.635683280250953109e-01
-8.646228329500791343e-01
-8.656735426865993510e-01
-8.667204526226726102e-01
-8.677635581629569161e-01
-8.688028547288507708e-01
-8.698383377584180121e-01
-8.708700027065322535e-01
-8.718978450447522066e-01
-8.729218602614752243e-01
-8.739420438618621390e-01
-8.749583913679154223e-01
-8.759708983184386621e-01
-8.769795602691465852e-01
-8.779843727925952246e-01
-8.789853314782327676e-01
-8.799824319324491828e-01
-8.809756697785549040e-01
-8.819650406568104728e-01
-8.829505402244559598e-01
-8.839321641557594811e-01
-8.849099081419254942e-01
-8.858837678912405700e-01
-8.868537391290262084e-01
-8.878198175976805828e-01
-8.887819990566715456e-01
-8.897402792826020201e-01
-8.906946540691870196e-01
-8.916451192272704107e-01
-8.925916705848687682e-01
-8.935343039871612714e-01
-8.944730152965526537e-01
-8.954078003926499996e-01
-8.963386551723009354e-01
-8.972655755495897445e-01
-8.981885574558648999e-01
-8.991075968397858054e-01
-9.000226896673152455e-01
-9.009338319217199409e-01
-9.018410196036207305e-01
-9.027442487309880192e-01
-9.036435153391850772e-01
-9.045388154809524961e-01
-9.054301452264568173e-01
-9.063175006632735453e-01
-9.072008778964257836e-01
-9.080802730484148766e-01
-9.089556822591970953e-01
-9.098271016862655713e-01
-9.106945275045684740e-01
-9.115579559066236959e-01
-9.124173831024733339e-01
-9.132728053197624041e-01
-9.141242188036754479e-01
-9.149716198170005921e-01
-9.158150046401485334e-01
-9.166543695711547590e-01
-9.174897109256953120e-01
-9.183210250370988925e-01
-9.191483082563994822e-01
-9.199715569523081449e-01
-9.207907675112296797e-01
-9.216059363373140245e-01
-9.224170598524584763e-01
-9.232241344962895946e-01
-9.240271567262359209e-01
-9.248261230174901204e-01
-9.256210298630562772e-01
-9.264118737737739862e-01
-9.271986512782781631e-01
-9.279813589230904158e-01
-9.287599932725665308e-01
-9.295345509089867342e-01
-9.303050284324716479e-01
-9.310714224610808776e-01
-9.318337296308041307e-01
-9.325919465955334609e-01
-9.333460700271623001e-01
-9.340960966155322787e-01
-9.348420230684566512e-01
-9.355838461117511606e-01
-9.363215624892511357e-01
-9.370551689628159320e-01
-9.377846623123321512e-01
-9.385100393357699300e-01
-9.392312968491254299e-01
-9.399484316865142075e-01
-9.406614407001246958e-01
-9.413703207602694967e-01
-9.420750687553925973e-01
-9.427756815920387279e-01
-9.434721561949399593e-01
-9.441644895069777332e-01
-9.448526784892226082e-01
-9.455367201209258221e-01
-9.462166113995240657e-01
-9.468923493407014336e-01
-9.475639309783727704e-01
-9.482313533646915538e-01
-9.488946135700494500e-01
-9.495537086831349338e-01
-9.502086358109038677e-01
-9.508593920786028164e-01
-9.515059746297991339e-01
-9.521483806263658645e-01
-9.527866072485191573e-01
-9.534206516948230403e-01
-9.540505111821857565e-01
-9.546761829458869641e-01
-9.552976642396179274e-01
-9.559149523354152356e-01
-9.565280445237607232e-01
-9.571369381135111931e-01
-9.577416304320187646e-01
-9.583421188250192957e-01
-9.589384006567207575e-01
-9.595304733097944627e-01
-9.601183341853831710e-01
-9.607019807031348391e-01
-9.612814103011543265e-01
-9.618566204361190808e-01
-9.624276085831752203e-01
-9.629943722360281289e-01
-9.635569089069033755e-01
-9.641152161265994502e-01
-9.646692914444823241e-01
-9.652191324284850049e-01
-9.657647366651014309e-01
-9.663061017594684055e-01
-9.668432253353133055e-01
-9.673761050349779511e-01
-9.679047385194333719e-01
-9.684291234682814720e-01
-9.689492575797785667e-01
-9.694651385708373814e-01
-9.699767641770503657e-01
-9.704841321526672671e-01
-9.709872402706498651e-01
-9.714860863226515431e-01
-9.719806681190283904e-01
-9.724709834888468629e-01
-9.729570302799059878e-01
-9.734388063587655626e-01
-9.739163096106939754e-01
-9.743895379397360390e-01
-9.748584892686960046e-01
-9.753231615391464437e-01
-9.757835527114583352e-01
-9.762396607647835234e-01
-9.766914836970636005e-01
-9.771390195250621025e-01
-9.775822662843673960e-01
-9.780212220293811320e-01
-9.784558848333571035e-01
-9.788862527883496201e-01
-9.793123240053185352e-01
-9.797340966140476448e-01
-9.801515687632234020e-01
-9.805647386203638627e-01
-9.809736043718979559e-01
-9.813781642231682589e-01
-9.817784163983551693e-01
-9.821743591406052465e-01
-9.825659907119708159e-01
-9.829533093934111898e-01
-9.833363134848128739e-01
-9.837150013050267594e-01
-9.840893711918241582e-01
-9.844594215019560890e-01
-9.848251506110964337e-01
-9.851865569139229839e-01
-9.855436388240726986e-01
-9.858963947741625766e-01
-9.862448232158033123e-01
-9.865889226195861950e-01
-9.869286914751221884e-01
-9.872641282910347149e-01
-9.875952315949367843e-01
-9.879219999334881708e-01
-9.882444318723629939e-01
-9.885625259962830258e-01
-9.888762809089819417e-01
-9.891856952332727104e-01
-9.894907676110203942e-01
-9.897914967031178346e-01
-9.900878811895443832e-01
-9.903799197693333722e-01
-9.906676111606298463e-01
-9.909509541006236155e-01
-9.912299473455996601e-01
-9.915045896709491213e-01
-9.917748798711507607e-01
-9.920408167597861704e-01
-9.923023991695399948e-01
-9.925596259522464493e-01
-9.928124959788061643e-01
-9.930610081392816646e-01
-9.933051613428354187e-01
-9.935449545177912345e-01
-9.937803866115896279e-01
-9.940114565908263478e-01
-9.942381634412326141e-01
-9.944605061676964342e-01
-9.946784837942722612e-01
-9.948920953641625653e-01
-9.951013399397428127e-01
-9.953062166025370416e-01
-9.955067244532659343e-01
-9.957028626118222814e-01
-9.958946302172744236e-01
-9.960820264278725800e-01
-9.962650504210391889e-01
-9.964437013934204224e-01
-9.966179785608425545e-01
-9.967878811583416043e-01
-9.969534084401293628e-01
-9.971145596796442412e-01
-9.972713341695202960e-01
-9.974237312216083229e-01
-9.975717501669759679e-01
-9.977153903559055070e-01
-9.978546511579141631e-01
-9.979895319617257954e-01
-9.981200321752792259e-01
-9.982461512257742031e-01
-9.983678885596017905e-01
-9.984852436424106470e-01
-9.985982159590954810e-01
-9.987068050137593023e-01
-9.988110103297652698e-01
-9.989108314497101571e-01
-9.990062679354368980e-01
-9.990973193680421360e-01
-9.991839853478581279e-01
-9.992662654944632905e-01
-9.993441594467092903e-01
-9.994176668626761906e-01
-9.994867874197216340e-01
-9.995515208144466479e-01
-9.996118667626954224e-01
-9.996678249995918364e-01
-9.997193952795172533e-01
-9.997665773761098551e-01
-9.998093710822519853e-01
-9.998477762101146693e-01
-9.998817925911208659e-01
-9.999114200759590121e-01
-9.999366585345792480e-01
-9.999575078562000785e-01
-9.999739679493057087e-01
-9.999860387416504848e-01
-9.999937201802382436e-01
-9.999970122313671661e-01
-9.999959148805824816e-01
-9.999904281327003375e-01
-9.999805520118071334e-01
-9.999662865612553020e-01
-9.999476318436480993e-01
-9.999245879408839022e-01
-9.998971549541056936e-01
-9.998653330037260423e-01
-9.998291222294305447e-01
-9.997885227901474048e-01
-9.997435348641089403e-01
-9.996941586487627651e-01
-9.996403943608502818e-01
-9.995822422363693782e-01
-9.995197025305662120e-01
-9.994527755179666295e-01
-9.993814614923314243e-01
-9.993057607666915310e-01
-9.992256736733167166e-01
-9.991412005637611005e-01
-9.990523418088034235e-01
-9.989590977984824649e-01
-9.988614689420892701e-01
-9.987594556681339553e-01
-9.986530584244132092e-01
-9.985422776779564469e-01
-9.984271139150195928e-01
-9.983075676411062860e-01
-9.981836393809451202e-01
-9.980553296785207307e-01
-9.979226390970342697e-01
-9.977855682189162856e-01
-9.976441176458232807e-01
-9.974982879986505901e-01
-9.973480799174986311e-01
-9.971934940616998810e-01
-9.970345311097891239e-01
-9.968711917595149963e-01
-9.967034767278577512e-01
-9.965313867509744128e-01
-9.963549225842475154e-01
-9.961740850022599014e-01
-9.959888747987665214e-01
-9.957992927867385102e-01
-9.956053397983268827e-01
-9.954070166848774104e-01
-9.952043243168928743e-01
-9.949972635840981239e-01
-9.947858353953613619e-01
-9.945700406787197911e-01
-9.943498803814039277e-01
-9.941253554697677686e-01
-9.938964669293665066e-01
-9.936632157648701558e-01
-9.934256030001202831e-01
-9.931836296781076934e-01
-9.929372968609334604e-01
-9.926866056298615515e-01
-9.924315570852920709e-01
-9.921721523467168513e-01
-9.919083925527975021e-01
-9.916402788612722619e-01
-9.913678124490078458e-01
-9.910909945119649178e-01
-9.908098262652071941e-01
-9.905243089429117687e-01
-9.902344437983345848e-01
-9.899402321038028862e-01
-9.896416751507364218e-01
-9.893387742496240200e-01
-9.890315307300256986e-01
-9.887199459405594526e-01
-9.884040212489111354e-01
-9.880837580417825006e-01
-9.877591577249608124e-01
-9.874302217232563406e-01
-9.870969514804990297e-01
-9.867593484595301723e-01
-9.864174141422568098e-01
-9.860711500295591403e-01
-9.857205576413434756e-01
-9.853656385165046050e-01
-9.850063942129070327e-01
-9.846428263074380460e-01
-9.842749363959535369e-01
-9.839027260932624586e-01
-9.835261970331630188e-01
-9.831453508683962728e-01
-9.827601892706528952e-01
-9.823707139305586367e-01
-9.819769265576911987e-01
-9.815788288805358253e-01
-9.811764226465279348e-01
-9.807697096219792909e-01
-9.803586915921258527e-01
-9.799433703610966884e-01
-9.795237477519184166e-01
-9.790998256064683547e-01
-9.786716057855325834e-01
-9.782390901687437745e-01
-9.778022806545858536e-01
-9.773611791604014387e-01
-9.769157876223757420e-01
-9.764661079955071488e-01
-9.760121422536264246e-01
-9.755538923893826153e-01
-9.750913604142201763e-01
-9.746245483583827474e-01
-9.741534582708979428e-01
-9.736780922195897858e-01
-9.731984522910288593e-01
-9.727145405905651687e-01
-9.722263592422651923e-01
-9.717339103889807150e-01
-9.712371961922654506e-01
-9.707362188323975793e-01
-9.702309805083798588e-01
-9.697214834379201953e-01
-9.692077298574035549e-01
-9.686897220219188309e-01
-9.681674622051984480e-01
-9.676409526996693211e-01
-9.671101958163986767e-01
-9.665751938850989378e-01
-9.660359492541193971e-01
-9.654924642904180176e-01
-9.649447413795810835e-01
-9.643927829258036599e-01
-9.638365913518467387e-01
-9.632761690990749859e-01
-9.627115186274095571e-01
-9.621426424153288748e-01
-9.615695429598765109e-01
-9.609922227766218850e-01
-9.604106843996524923e-01
-9.598249303815995503e-01
-9.592349632935737169e-01
-9.586407857251861842e-01
-9.580424002845083775e-01
-9.574398095981397905e-01
-9.568330163110774222e-01
-9.562220230867894966e-01
-9.556068326071776031e-01
-9.549874475725775858e-01
-9.543638707017219058e-01
-9.537361047317507445e-01
-9.531041524181925739e-01
-9.524680165349320715e-01
-9.518276998742514206e-01
-9.511832052467538157e-01
-9.505345354813931058e-01
-9.498816934254648015e-01
-9.492246819445567807e-01
-9.485635039225560616e-01
-9.478981622616536873e-01
-9.472286598823068671e-01
-9.465549997232595159e-01
-9.458771847414669809e-01
-9.451952179121450026e-01
-9.445091022287238625e-01
-9.438188407028532678e-01
-9.431244363643708217e-01
-9.424258922613113487e-01
-9.417232114598871329e-01
-9.410163970444453962e-01
-9.403054521174948333e-01
-9.395903797996509876e-01
-9.388711832296737780e-01
-9.381478655644147624e-01
-9.374204299788063688e-01
-9.366888796658842109e-01
-9.359532178367044875e-01
-9.352134477204071539e-01
-9.344695725641583017e-01
-9.337215956331216260e-01
-9.329695202104666407e-01
-9.322133495973854433e-01
-9.314530871130166645e-01
-9.306887360944687826e-01
-9.299202998967941447e-01
-9.291477818929730903e-01
-9.283711854739147284e-01
-9.275905140484312916e-01
-9.268057710432073826e-01
-9.260169599027975318e-01
-9.252240840896144292e-01
-9.244271470839461324e-01
-9.236261523838616982e-01
-9.228211035052665823e-01
-9.220120039818491264e-01
-9.211988573650720102e-01
-9.203816672242035590e-01
-9.195604371462011706e-01
-9.187351707358004660e-01
-9.179058716154268049e-01
-9.170725434252249286e-01
-9.162351898230229885e-01
-9.153938144842982405e-01
-9.145484211022066878e-01
-9.136990133875427800e-01
-9.128455950686865661e-01
-9.119881698916558754e-01
-9.111267416200395930e-01
-9.102613140350150900e-01
-9.093918909353027047e-01
-9.085184761371503104e-01
-9.076410734743499686e-01
-9.067596867981786435e-01
-9.058743199774244026e-01
-9.049849768983009302e-01
-9.040916614645221339e-01
-9.031943775972294253e-01
-9.022931292349518628e-01
-9.013879203336595536e-01
-9.004787548666692842e-01
-8.995656368246957024e-01
-8.986485702158091282e-01
-8.977275590653613913e-01
-8.968026074160865280e-01
-8.958737193279772137e-01
-8.949408988782939778e-01
-8.940041501615765274e-01
-8.930634772895954532e-01
-8.921188843913708810e-01
-8.911703756131007514e-01
-8.902179551182027861e-01
-8.892616270872342188e-01
-8.883013957179147768e-01
-8.873372652250860471e-01
-8.863692398407443385e-01
-8.853973238139298818e-01
-8.844215214107955525e-01
-8.834418369145412564e-01
-8.824582746254195920e-01
-8.814708388606863343e-01
-8.804795339546024335e-01
-8.794843642584176946e-01
-8.784853341403491278e-01
-8.774824479855413140e-01
-8.764757101960997110e-01
-8.754651251909857379e-01
-8.744506974061091453e-01
-8.734324312941879054e-01
-8.724103313248434688e-01
-8.713844019844652067e-01
-8.703546477762938993e-01
-8.693210732203540125e-01
-8.682836828534251650e-01
-8.672424812290562279e-01
-8.661974729174944931e-01
-8.651486625057437374e-01
-8.640960545974445406e-01
-8.630396538129381234e-01
-8.619794647892037309e-01
-8.609154921798547466e-01
-8.598477406550918412e-01
-8.587762149017410529e-01
-8.577009196231722976e-01
-8.566218595392862678e-01
-8.555390393865405230e-01
-8.544524639178734393e-01
-8.533621379027160891e-01
-8.522680661269790292e-01
-8.511702533929786929e-01
-8.500687045194641467e-01
-8.489634243416159798e-01
-8.478544177109419433e-01
-8.467416894953511131e-01
-8.456252445790670702e-01
-8.445050878626093604e-01
-8.433812242628377920e-01
-8.422536587128449659e-01
-8.411223961619761491e-01
-8.399874415758351587e-01
-8.388487999361787795e-01
-8.377064762410029175e-01
-8.365604755044134810e-01
-8.354108027567106465e-01
-8.342574630442811667e-01
-8.331004614295952626e-01
-8.319398029912311587e-01
-8.307754928237850445e-01
-8.296075360378992736e-01
-8.284359377602321661e-01
-8.272607031334108241e-01
-8.260818373160262462e-01
-8.248993454826147875e-01
-8.237132328236078660e-01
-8.225235045453627158e-01
-8.213301658700900010e-01
-8.201332220358341640e-01
-8.189326782964942986e-01
-8.177285399217373296e-01
-8.165208121970435329e-01
-8.153095004236182719e-01
-8.140946099184253049e-01
-8.128761460141180617e-01
-8.116541140590326497e-01
-8.104285194171878537e-01
-8.091993674682083082e-01
-8.079666636073737918e-01
-8.067304132455250798e-01
-8.054906218090698289e-01
-8.042472947399772476e-01
-8.030004374957279145e-01
-8.017500555492794723e-01
-8.004961543890919407e-01
-7.992387395190527766e-01
-7.979778164584762079e-01
-7.967133907420839156e-01
-7.954454679199601808e-01
-7.941740535575341209e-01
-7.928991532355906813e-01
-7.916207725501881454e-01
-7.903389171126686819e-01
-7.890535925496207081e-01
-7.877648045028785573e-01
-7.864725586294597504e-01
-7.851768606015815388e-01
-7.838777161065819676e-01
-7.825751308469511835e-01
-7.812691105402891356e-01
-7.799596609192466223e-01
-7.786467877315460528e-01
-7.773304967399290444e-01
-7.760107937221504271e-01
-7.746876844709277288e-01
-7.733611747939473924e-01
-7.720312705137956089e-01
-7.706979774679874051e-01
-7.693613015088873741e-01
-7.680212485037262171e-01
-7.666778243345541144e-01
-7.653310348982207412e-01
-7.639808861063427381e-01
-7.626273838852817288e-01
-7.612705341761190070e-01
-7.599103429346294458e-01
-7.585468161312607371e-01
-7.571799597510999735e-01
-7.558097797938353457e-01
-7.544362822737650243e-01
-7.530594732197538610e-01
-7.516793586751575607e-01
-7.502959446978879621e-01
-7.489092373603165598e-01
-7.475192427493018155e-01
-7.461259669660776916e-01
-7.447294161263307011e-01
-7.433295963600780043e-01
-7.419265138117253633e-01
-7.405201746399934226e-01
-7.391105850178745218e-01
-7.376977511326388015e-01
-7.362816791858177723e-01
-7.348623753931170510e-01
-7.334398459844623241e-01
-7.320140972039272942e-01
-7.305851353097108092e-01
-7.291529665741269817e-01
-7.277175972835459028e-01
-7.262790337384059658e-01
-7.248372822531594650e-01
-7.233923491562639363e-01
-7.219442407901029979e-01
-7.204929635110339792e-01
-7.190385236893395149e-01
-7.175809277091361738e-01
-7.161201819684308578e-01
-7.146562928790295421e-01
-7.131892668665670287e-01
-7.117191103704028077e-01
-7.102458298436865602e-01
-7.087694317532440280e-01
-7.072899225796104306e-01
-7.058073088169661835e-01
-7.043215969731039250e-01
-7.028327935694478334e-01
-7.013409051409653650e-01
-6.998459382361676973e-01
-6.983478994170909671e-01
-6.968467952592437564e-01
-6.953426323515964347e-01
-6.938354172965559563e-01
-6.923251567099009129e-01
-6.908118572208070685e-01
-6.892955254717613167e-01
-6.877761681185771137e-01
-6.862537918303419637e-01
-6.847284032893983241e-01
-6.832000091913118522e-01
-6.816686162448363229e-01
-6.801342311718996392e-01
-6.785968607075351100e-01
-6.770565115999086503e-01
-6.755131906102576078e-01
-6.739669045128663383e-01
-6.724176600950086957e-01
-6.708654641569552490e-01
-6.693103235119608474e-01
-6.677522449861732490e-01
-6.661912354186471097e-01
-6.646273016613034601e-01
-6.630604505788921799e-01
-6.614906890489704594e-01
-6.599180239618783750e-01
-6.583424622206918153e-01
-6.567640107411978345e-01
-6.551826764518922097e-01
-6.535984662938958412e-01
-6.520113872209712946e-01
-6.504214461994591856e-01
-6.488286502082882823e-01
-6.472330062388766958e-01
-6.456345212951808410e-01
-6.440332023936218286e-01
-6.424290565630457195e-01
-6.408220908447168629e-01
-6.392123122922549472e-01
-6.375997279716688615e-01
-6.359843449612472277e-01
-6.343661703515900419e-01
-6.327452112455367317e-01
-6.311214747581368467e-01
-6.294949680166606054e-01
-6.278656981604979759e-01
-6.262336723412066375e-01
-6.245988977224342653e-01
-6.229613814798606874e-01
-6.213211308012311918e-01
-6.196781528862880251e-01
-6.180324549467590689e-01
-6.163840442062755720e-01
-6.147329279004102309e-01
-6.130791132766022500e-01
-6.114226075941244787e-01
-6.097634181240552120e-01
-6.081015521492714182e-01
-6.064370169643943376e-01
-6.047698198757530674e-01
-6.030999682013822305e-01
-6.014274692709499215e-01
-5.997523304257350585e-01
-5.980745590186369309e-01
-5.963941624140703945e-01
-5.947111479880095031e-01
-5.930255231279020212e-01
-5.913372952326443333e-01
-5.896464717125725619e-01
-5.879530599894278176e-01
-5.862570674962698236e-01
-5.845585016775377563e-01
-5.828573699889307846e-01
-5.811536798974270557e-01
-5.794474388812268506e-01
-5.777386544297238302e-01
-5.760273340434957090e-01
-5.743134852342255403e-01
-5.725971155247042699e-01
-5.708782324488064219e-01
-5.691568435514149371e-01
-5.674329563884172867e-01
-5.657065785266757185e-01
-5.639777175439830703e-01
-5.622463810290152519e-01
-5.605125765813250283e-01
-5.587763118113197036e-01
-5.570375943401647545e-01
-5.552964317998224653e-01
-5.535528318329829833e-01
-5.518068020930216866e-01
-5.500583502439929662e-01
-5.483074839605652784e-01
-5.465542109280187022e-01
-5.447985388422197373e-01
-5.430404754095252695e-01
-5.412800283467986695e-01
-5.395172053813844792e-01
-5.377520142510413548e-01
-5.359844627039191955e-01
-5.342145584985492635e-01
-5.324423094037544768e-01
-5.306677231986925980e-01
-5.288908076727546481e-01
-5.271115706255519173e-01
-5.253300198669115240e-01
-5.235461632167696111e-01
-5.217600085052332970e-01
-5.199715635724811991e-01
-5.181808362687283509e-01
-5.163878344542275345e-01
-5.145925659992094392e-01
-5.127950387838471347e-01
-5.109952606982354206e-01
-5.091932396423554108e-01
-5.073889835260020353e-01
-5.055825002688119074e-01
-5.037737978002085892e-01
-5.019628840593335362e-01
-5.001497669950211167e-01
-4.983344545658032199e-01
-4.965169547398355920e-01
-4.946972754948881779e-01
-4.928754248182954933e-01
-4.910514107068919554e-01
-4.892252411670541812e-01
-4.873969242145888003e-01
-4.855664678747254603e-01
-4.837338801821253198e-01
-4.818991691807532618e-01
-4.800623429239262996e-01
-4.782234094742355834e-01
-4.763823769035221423e-01
-4.745392532928378593e-01
-4.726940467324353135e-01
-4.708467653216835691e-01
-4.689974171690596272e-01
-4.671460103921291074e-01
-4.652925531174689766e-01
-4.634370534806865338e-01
-4.615795196263328681e-01
-4.597199597078921451e-01
-4.578583818877659528e-01
-4.559947943371812640e-01
-4.541292052361892706e-01
-4.522616227736292460e-01
-4.503920551471078948e-01
-4.485205105629325173e-01
-4.466469972360880836e-01
-4.447715233902012066e-01
-4.428940972574939017e-01
-4.410147270787961871e-01
-4.391334211034185198e-01
-4.372501875891981471e-01
-4.353650348024323269e-01
-4.334779710178431889e-01
-4.315890045185271084e-01
-4.296981435959549289e-01
-4.278053965499020173e-01
-4.259107716884051875e-01
-4.240142773277744692e-01
-4.221159217924968510e-01
-4.202157134152377238e-01
-4.183136605368146799e-01
-4.164097715061265692e-01
-4.145040546801360137e-01
-4.125965184238128969e-01
-4.106871711101296452e-01
-4.087760211200052174e-01
-4.068630768422622501e-01
-4.049483466736237824e-01
-4.030318390186216071e-01
-4.011135622896021546e-01
-3.991935249066893010e-01
-3.972717352977174765e-01
-3.953482018982139023e-01
-3.934229331513887651e-01
-3.914959375080216963e-01
-3.895672234265050160e-01
-3.876367993727523609e-01
-3.857046738202085656e-01
-3.837708552497658965e-01
-3.818353521497788172e-01
-3.798981730159479708e-01
-3.779593263513698065e-01
-3.760188206664464849e-01
-3.740766644788584561e-01
-3.721328663135407000e-01
-3.701874347026224976e-01
-3.682403781854182157e-01
-3.662917053083640795e-01
-3.643414246249931931e-01
-3.623895446959023992e-01
-3.604360740886887737e-01
-3.584810213779539012e-01
-3.565243951452385374e-01
-3.545662039789882480e-01
-3.526064564745092778e-01
-3.506451612339561708e-01
-3.486823268662564423e-01
-3.467179619871011420e-01
-3.447520752189341953e-01
-3.427846751908140144e-01
-3.408157705384977643e-01
-3.388453699043067480e-01
-3.368734819371613232e-01
-3.349001152924916958e-01
-3.329252786322126068e-01
-3.309489806247210009e-01
-3.289712299448037669e-01
-3.269920352736176428e-01
-3.250114052986750601e-01
-3.230293487137809727e-01
-3.210458742190169801e-01
-3.190609905206712726e-01
-3.170747063312083225e-01
-3.150870303692692165e-01
-3.130979713595827829e-01
-3.111075380329506590e-01
-3.091157391262174814e-01
-3.071225833822228135e-01
-3.051280795497353648e-01
-3.031322363834833000e-01
-3.011350626440248979e-01
-2.991365670978005653e-01
-2.971367585170306413e-01
-2.951356456797076810e-01
-2.931332373695408888e-01
-2.911295423759404088e-01
-2.891245694939571509e-01
-2.871183275242424893e-01
-2.851108252730184534e-01
-2.831020715520551345e-01
-2.810920751786083471e-01
-2.790808449753741649e-01
-2.770683897705029652e-01
-2.750547183974646481e-01
-2.730398396951038142e-01
-2.710237625075708756e-01
-2.690064956842562194e-01
-2.669880480797935940e-01
-2.649684285539899431e-01
-2.629476459717771109e-01
-2.609257092032071235e-01
-2.589026271234172172e-01
-2.568784086125471822e-01
-2.548530625557245965e-01
-2.528265978430400129e-01
-2.507990233694890603e-01
-2.487703480349336693e-01
-2.467405807440742060e-01
-2.447097304063997336e-01
-2.426778059361547057e-01
-2.406448162523041334e-01
-2.386107702784783235e-01
-2.365756769429485096e-01
-2.345395451785920182e-01
-2.325023839228309575e-01
-2.304642021176163680e-01
-2.284250087093631920e-01
-2.263848126489418633e-01
-2.243436228916135255e-01
-2.223014483970281174e-01
-2.202582981291220932e-01
-2.182141810561268325e-01
-2.161691061505278955e-01
-2.141230823890071244e-01
-2.120761187524140279e-01
-2.100282242257061061e-01
-2.079794077979667533e-01
-2.059296784622841880e-01
-2.038790452157783761e-01
-2.018275170595222601e-01
-1.997751029985356808e-01
-1.977218120417095215e-01
-1.956676532017873060e-01
-1.936126354953184026e-01
-1.915567679426437853e-01
-1.895000595678105748e-01
-1.874425193985682081e-01
-1.853841564663167019e-01
-1.833249798060702096e-01
-1.812649984563926286e-01
-1.792042214594074534e-01
-1.771426578607256386e-01
-1.750803167093827883e-01
-1.730172070578737675e-01
-1.709533379620363780e-01
-1.688887184810563546e-01
-1.668233576773862636e-01
-1.647572646167577981e-01
-1.626904483681286262e-01
-1.606229180035982362e-01
-1.585546825984162078e-01
-1.564857512309233700e-01
-1.544161329825279871e-01
-1.523458369376380350e-01
-1.502748721836356383e-01
-1.482032478108536444e-01
-1.461309729125099821e-01
-1.440580565846717176e-01
-1.419845079262423981e-01
-1.399103360388836426e-01
-1.378355500269878575e-01
-1.357601589976531187e-01
-1.336841720606423423e-01
-1.316075983283184203e-01
-1.295304469156101645e-01
-1.274527269400243246e-01
-1.253744475215180232e-01
-1.232956177825369065e-01
-1.212162468479097421e-01
-1.191363438448617695e-01
-1.170559179029652397e-01
-1.149749781540625321e-01
-1.128935337322590771e-01
-1.108115937738778922e-01
-1.087291674174371003e-01
-1.066462638035451521e-01
-1.045628920749334112e-01
-1.024790613763903735e-01
-1.003947808547197285e-01
-9.831005965868715168e-02
-9.622490693900229153e-02
-9.413933184827311118e-02
-9.205334354093640259e-02
-8.996695117326966584e-02
-8.788016390332308025e-02
-8.579299089086127317e-02
-8.370544129736233463e-02
-8.161752428593770092e-02
-7.952924902132216256e-02
-7.744062466982512549e-02
-7.535166039928856141e-02
-7.326236537903954571e-02
-7.117274877986660975e-02
-6.908281977396178719e-02
-6.699258753488201990e-02
-6.490206123754013734e-02
-6.281125005811172279e-02
-6.072016317403811786e-02
-5.862880976396539490e-02
-5.653719900771679574e-02
-5.444534008622878285e-02
-5.235324218154961684e-02
-5.026091447675586771e-02
-4.816836615595655735e-02
-4.607560640421318882e-02
-4.398264440749943827e-02
-4.188948935271233354e-02
-3.979615042757363164e-02
-3.770263682061698179e-02
-3.560895772113135266e-02
-3.351512231915300399e-02
-3.142113980539686796e-02
-2.932701937121267796e-02
-2.723277020857024083e-02
-2.513840150999686537e-02
-2.304392246854086029e-02
-2.094934227774823340e-02
-1.885467013160483860e-02
-1.675991522448334534e-02
-1.466508675113565099e-02
-1.257019390664491226e-02
-1.047524588634960417e-02
-8.380251885850731330e-03
-6.285221100955628096e-03
-4.190162727606675311e-03
-2.095085961899757331e-03
0.000000000000000000e+00
