0.000000000000000000e+00
-1.956854789142105713e-02
-3.905830014708428638e-02
-5.839077841344902930e-02
-7.748813762379486159e-02
-9.627347945287816067e-02
-1.146711619593298176e-01
-1.326071041690393970e-01
-1.500090843731217705e-01
-1.668070309391925521e-01
-1.829333044651899054e-01
-1.983229701392679734e-01
-2.129140592094608819e-01
-2.266478185098883547e-01
-2.394689470391151154e-01
-2.513258186376917114e-01
-2.621706898685068898e-01
-2.719598922627191051e-01
-2.806540081573398737e-01
-2.882180294162055012e-01
-2.946214983953619471e-01
-2.998386305853100731e-01
-3.038484184360576434e-01
-3.066347159471720651e-01
-3.081863036819885160e-01
-3.084969339443063840e-01
-3.075653559357012234e-01
-3.053953207920167001e-01
-3.019955664788771532e-01
-2.973797826069746186e-01
-2.915665553088713224e-01
-2.845792923991348200e-01
-2.764461291193864856e-01
-2.671998148476084078e-01
-2.568775812279585069e-01
-2.455209922520421029e-01
-2.331757768954425547e-01
-2.198916449832179210e-01
-2.057220870260120793e-01
-1.907241588327022730e-01
-1.749582517666684878e-01
-1.584878495711975477e-01
-1.413792727428087037e-01
-1.237014114820094851e-01
-1.055254482968124713e-01
-8.692457137587224214e-02
-6.797367988549693485e-02
-4.874908237709643655e-02
-2.932818951965165954e-02
-9.789202394218023129e-03
9.789202394218548750e-03
2.932818951964959522e-02
4.874908237709184300e-02
6.797367988549196660e-02
8.692457137588106841e-02
1.055254482968145807e-01
1.237014114820173538e-01
1.413792727428124230e-01
1.584878495712092050e-01
1.749582517666852521e-01
1.907241588327190929e-01
2.057220870260356438e-01
2.198916449832361009e-01
2.331757768954597076e-01
2.455209922520765753e-01
2.568775812279870396e-01
2.671998148476456558e-01
2.764461291194226789e-01
2.845792923991795620e-01
2.915665553089167861e-01
2.973797826070144201e-01
3.019955664789148453e-01
3.053953207920491186e-01
3.075653559357324762e-01
3.084969339443394132e-01
3.081863036820184365e-01
3.066347159472168071e-01
3.038484184360986662e-01
2.998386305853475986e-01
2.946214983953957534e-01
2.882180294162307033e-01
2.806540081573715151e-01
2.719598922627424198e-01
2.621706898685194354e-01
2.513258186377125281e-01
2.394689470391347941e-01
2.266478185099006226e-01
2.129140592094601880e-01
1.983229701392729971e-01
1.829333044651911544e-01
1.668070309392155615e-01
1.500090843731338719e-01
1.326071041690517760e-01
1.146711619593302617e-01
9.627347945287700881e-02
7.748813762378602144e-02
5.839077841343198044e-02
3.905830014708058795e-02
1.956854789142431147e-02
0.000000000000000000e+00
