0.000000000000000000e+00
-3.143117196629188585e-03
-6.286203340919492913e-03
-9.429227380840263933e-03
-1.257215826495316179e-02
-1.571496494276177630e-02
-1.885761636500420807e-02
-2.200008148391848287e-02
-2.514232925361570281e-02
-2.828432863034979414e-02
-3.142604857280603681e-02
-3.456745804246055126e-02
-3.770852600383282904e-02
-4.084922142484041785e-02
-4.398951327704799658e-02
-4.712937053603935555e-02
-5.026876218167287275e-02
-5.340765719841905623e-02
-5.654602457564515683e-02
-5.968383330793098490e-02
-6.282105239537517927e-02
-6.595765084390278754e-02
-6.909359766559049210e-02
-7.222886187892169074e-02
-7.536341250914761758e-02
-7.849721858855385204e-02
-8.163024915678188109e-02
-8.476247326115171621e-02
-8.789385995692892972e-02
-9.102437830766368920e-02
-9.415399738548493880e-02
-9.728268627140342073e-02
-1.004104140556289354e-01
-1.035371498378418603e-01
-1.066628627275572339e-01
-1.097875218443694345e-01
-1.129110963182892446e-01
-1.160335552900533251e-01
-1.191548679114168008e-01
-1.222750033454329810e-01
-1.253939307668238967e-01
-1.285116193622259928e-01
-1.316280383305298562e-01
-1.347431568831402582e-01
-1.378569442443283999e-01
-1.409693696515176009e-01
-1.440804023555948554e-01
-1.471900116211923293e-01
-1.502981667269816801e-01
-1.534048369660637456e-01
-1.565099916461467899e-01
-1.596136000899589513e-01
-1.627156316354711751e-01
-1.658160556362441307e-01
-1.689148414617324678e-01
-1.720119584975609295e-01
-1.751073761458394329e-01
-1.782010638254653834e-01
-1.812929909724337596e-01
-1.843831270401619371e-01
-1.874714414997149525e-01
-1.905579038401622460e-01
-1.936424835688905222e-01
-1.967251502118836370e-01
-1.998058733139992105e-01
-2.028846224393353326e-01
-2.059613671714697891e-01
-2.090360771137824147e-01
-2.121087218897549365e-01
-2.151792711432798100e-01
-2.182476945389387191e-01
-2.213139617623366695e-01
-2.243780425203737994e-01
-2.274399065415170784e-01
-2.304995235761864991e-01
-2.335568633969727914e-01
-2.366118957989710447e-01
-2.396645906000623993e-01
-2.427149176412335685e-01
-2.457628467868612221e-01
-2.488083479250029761e-01
-2.518513909677306817e-01
-2.548919458513736469e-01
-2.579299825368466248e-01
-2.609654710099432728e-01
-2.639983812816601438e-01
-2.670286833884107924e-01
-2.700563473924287305e-01
-2.730813433819622715e-01
-2.761036414716614984e-01
-2.791232118028127984e-01
-2.821400245436490040e-01
-2.851540498896579234e-01
-2.881652580638512928e-01
-2.911736193170801901e-01
-2.941791039283130349e-01
-2.971816822049618279e-01
-3.001813244831129657e-01
-3.031780011278897846e-01
-3.061716825337091330e-01
-3.091623391245682528e-01
-3.121499413543608603e-01
-3.151344597071493725e-01
-3.181158646974672766e-01
-3.210941268705918006e-01
-3.240692168028734832e-01
-3.270411051019841975e-01
-3.300097624072381719e-01
-3.329751593898616080e-01
-3.359372667533012113e-01
-3.388960552334885357e-01
-3.418514955991614479e-01
-3.448035586521063234e-01
-3.477522152275036582e-01
-3.506974361942022389e-01
-3.536391924549362464e-01
-3.565774549467132237e-01
-3.595121946410562708e-01
-3.624433825442852086e-01
-3.653709896977941907e-01
-3.682949871783742224e-01
-3.712153460984728426e-01
-3.741320376064671271e-01
-3.770450328870005308e-01
-3.799543031612160893e-01
-3.828598196870465764e-01
-3.857615537595030508e-01
-3.886594767110034820e-01
-3.915535599115899656e-01
-3.944437747692476348e-01
-3.973300927301782748e-01
-4.002124852790765464e-01
-4.030909239394083743e-01
-4.059653802737338557e-01
-4.088358258839309700e-01
-4.117022324115066079e-01
-4.145645715378809548e-01
-4.174228149846458402e-01
-4.202769345138639978e-01
-4.231269019283408483e-01
-4.259726890718982251e-01
-4.288142678296631427e-01
-4.316516101283140450e-01
-4.344846879364213099e-01
-4.373134732646684619e-01
-4.401379381661360557e-01
-4.429580547366089305e-01
-4.457737951148161293e-01
-4.485851314827266623e-01
-4.513920360658136288e-01
-4.541944811333446519e-01
-4.569924389986361191e-01
-4.597858820193322926e-01
-4.625747825976839200e-01
-4.653591131808492709e-01
-4.681388462610891477e-01
-4.709139543760997859e-01
-4.736844101092860249e-01
-4.764501860899985064e-01
-4.792112549938338795e-01
-4.819675895428698342e-01
-4.847191625059950604e-01
-4.874659466991022039e-01
-4.902079149854160489e-01
-4.929450402757281635e-01
-4.956772955286818938e-01
-4.984046537510459784e-01
-5.011270879979503601e-01
-5.038445713731836140e-01
-5.065570770294344216e-01
-5.092645781685813944e-01
-5.119670480419278302e-01
-5.146644599505020290e-01
-5.173567872453016525e-01
-5.200440033275512963e-01
-5.227260816489703865e-01
-5.254029957120173178e-01
-5.280747190702237415e-01
-5.307412253283440018e-01
-5.334024881427086306e-01
-5.360584812214452821e-01
-5.387091783247478505e-01
-5.413545532651207193e-01
-5.439945799076412181e-01
-5.466292321702513890e-01
-5.492584840239674859e-01
-5.518823094931623041e-01
-5.545006826558305235e-01
-5.571135776438255194e-01
-5.597209686431139364e-01
-5.623228298940466940e-01
-5.649191356916051232e-01
-5.675098603856592039e-01
-5.700949783812118143e-01
-5.726744641386584123e-01
-5.752482921740426081e-01
-5.778164370592980825e-01
-5.803788734225021617e-01
-5.829355759481371635e-01
-5.854865193773262089e-01
-5.880316785080849096e-01
-5.905710281955989238e-01
-5.931045433524144705e-01
-5.956321989487426416e-01
-5.981539700126743409e-01
-6.006698316304477370e-01
-6.031797589466615372e-01
-6.056837271645687526e-01
-6.081817115462814227e-01
-6.106736874130245241e-01
-6.131596301453915432e-01
-6.156395151835772905e-01
-6.181133180276152661e-01
-6.205810142376464444e-01
-6.230425794341297729e-01
-6.254979892981028522e-01
-6.279472195714016491e-01
-6.303902460569217325e-01
-6.328270446188463128e-01
-6.352575911829081434e-01
-6.376818617365657138e-01
-6.400998323293084491e-01
-6.425114790728619907e-01
-6.449167781414367751e-01
-6.473157057719296503e-01
-6.497082382642009879e-01
-6.520943519812942846e-01
-6.544740233496597615e-01
-6.568472288593861785e-01
-6.592139450644731724e-01
-6.615741485830115565e-01
-6.639278160974224630e-01
-6.662749243547222422e-01
-6.686154501667028738e-01
-6.709493704102142964e-01
-6.732766620273530345e-01
-6.755973020256985651e-01
-6.779112674785403581e-01
-6.802185355251405552e-01
-6.825190833708890681e-01
-6.848128882875980095e-01
-6.870999276136773304e-01
-6.893801787543841764e-01
-6.916536191820292778e-01
-6.939202264362273054e-01
-6.961799781240909368e-01
-6.984328519204611174e-01
-7.006788255681279942e-01
-7.029178768780665054e-01
-7.051499837296261175e-01
-7.073751240707598642e-01
-7.095932759182524974e-01
-7.118044173579463063e-01
-7.140085265449105378e-01
-7.162055817037205063e-01
-7.183955611286285681e-01
-7.205784431837821691e-01
-7.227542063034605446e-01
-7.249228289922750035e-01
-7.270842898253593312e-01
-7.292385674486313585e-01
-7.313856405789692650e-01
-7.335254880044167480e-01
-7.356580885844000717e-01
-7.377834212499619904e-01
-7.399014650039251739e-01
-7.420121989211345692e-01
-7.441156021486463601e-01
-7.462116539059635567e-01
-7.483003334851788813e-01
-7.503816202512454403e-01
-7.524554936421500306e-01
-7.545219331691033204e-01
-7.565809184167824331e-01
-7.586324290435035866e-01
-7.606764447814120533e-01
-7.627129454367024275e-01
-7.647419108898287909e-01
-7.667633210956790180e-01
-7.687771560837914908e-01
-7.707833959585319583e-01
-7.727820208993072537e-01
-7.747730111607531445e-01
-7.767563470729507147e-01
-7.787320090415660312e-01
-7.806999775481079373e-01
-7.826602331500809306e-01
-7.846127564811907762e-01
-7.865575282515443467e-01
-7.884945292478097167e-01
-7.904237403334395395e-01
-7.923451424488480166e-01
-7.942587166115968600e-01
-7.961644439165764808e-01
-7.980623055362029428e-01
-7.999522827206183573e-01
-8.018343567978359898e-01
-8.037085091739489817e-01
-8.055747213333189771e-01
-8.074329748387448769e-01
-8.092832513316778886e-01
-8.111255325323580845e-01
-8.129598002400088008e-01
-8.147860363330409195e-01
-8.166042227691926447e-01
-8.184143415857511039e-01
-8.202163748996861292e-01
-8.220103049078603119e-01
-8.237961138871993105e-01
-8.255737841948278533e-01
-8.273432982683361914e-01
-8.291046386258197343e-01
-8.308577878662035676e-01
-8.326027286692598839e-01
-8.343394437959054111e-01
-8.360679160883076610e-01
-8.377881284700755549e-01
-8.395000639464207381e-01
-8.412037056043182304e-01
-8.428990366126756228e-01
-8.445860402225285890e-01
-8.462646997671652294e-01
-8.479349986623152535e-01
-8.495969204063088531e-01
-8.512504485802290244e-01
-8.528955668480893149e-01
-8.545322589569878113e-01
-8.561605087372550216e-01
-8.577803001026581553e-01
-8.593916170505130347e-01
-8.609944436618485186e-01
-8.625887641015703711e-01
-8.641745626186531082e-01
-8.657518235462369205e-01
-8.673205313018172991e-01
-8.688806703873808157e-01
-8.704322253895830919e-01
-8.719751809798617082e-01
-8.735095219146539192e-01
-8.750352330354768116e-01
-8.765522992690836235e-01
-8.780607056276716893e-01
-8.795604372089829148e-01
-8.810514791964494385e-01
-8.825338168593902521e-01
-8.840074355530568306e-01
-8.854723207188831546e-01
-8.869284578845759714e-01
-8.883758326642707814e-01
-8.898144307586594026e-01
-8.912442379551661631e-01
-8.926652401280328331e-01
-8.940774232385130249e-01
-8.954807733349824383e-01
-8.968752765530867421e-01
-8.982609191158594797e-01
-8.996376873338859381e-01
-9.010055676054096185e-01
-9.023645464165145347e-01
-9.037146103411872744e-01
-9.050557460415171729e-01
-9.063879402677973429e-01
-9.077111798586292579e-01
-9.090254517411227031e-01
-9.103307429309517307e-01
-9.116270405325329618e-01
-9.129143317391215096e-01
-9.141926038329768467e-01
-9.154618441854124322e-01
-9.167220402570329663e-01
-9.179731795977420505e-01
-9.192152498469536859e-01
-9.204482387336694327e-01
-9.216721340766061976e-01
-9.228869237843245754e-01
-9.240925958553332098e-01
-9.252891383782420043e-01
-9.264765395318208530e-01
-9.276547875851809399e-01
-9.288238708978548974e-01
-9.299837779199261467e-01
-9.311344971921097224e-01
-9.322760173459178068e-01
-9.334083271037145746e-01
-9.345314152788937179e-01
-9.356452707759242982e-01
-9.367498825905048454e-01
-9.378452398096500664e-01
-9.389313316118084174e-01
-9.400081472669614691e-01
-9.410756761367419232e-01
-9.421339076745258723e-01
-9.431828314255452650e-01
-9.442224370269911571e-01
-9.452527142080944245e-01
-9.462736527902688710e-01
-9.472852426871737341e-01
-9.482874739048376966e-01
-9.492803365417462613e-01
-9.502638207889378963e-01
-9.512379169301018456e-01
-9.522026153416847105e-01
-9.531579064929741607e-01
-9.541037809461934138e-01
-9.550402293565962708e-01
-9.559672424725809137e-01
-9.568848111357270980e-01
-9.577929262809616873e-01
-9.586915789365694218e-01
-9.595807602243452417e-01
-9.604604613596271490e-01
-9.613306736514568573e-01
-9.621913885025800139e-01
-9.630425974095930819e-01
-9.638842919629942996e-01
-9.647164638472878195e-01
-9.655391048410641996e-01
-9.663522068170470325e-01
-9.671557617422322783e-01
-9.679497616779186853e-01
-9.687341987798009368e-01
-9.695090652980430379e-01
-9.702743535773862282e-01
-9.710300560571784034e-01
-9.717761652714780318e-01
-9.725126738491103318e-01
-9.732395745137757403e-01
-9.739568600840653456e-01
-9.746645234735878960e-01
-9.753625576909916717e-01
-9.760509558400713992e-01
-9.767297111198058879e-01
-9.773988168244625019e-01
-9.780582663436383495e-01
-9.787080531622948110e-01
-9.793481708608892111e-01
-9.799786131153978008e-01
-9.805993736973979136e-01
-9.812104464740846188e-01
-9.818118254083765262e-01
-9.824035045589845083e-01
-9.829854780804133663e-01
-9.835577402230778477e-01
-9.841202853333169687e-01
-9.846731078535092552e-01
-9.852162023220494280e-01
-9.857495633734297824e-01
-9.862731857383334466e-01
-9.867870642436572526e-01
-9.872911938125551456e-01
-9.877855694644852580e-01
-9.882701863152829613e-01
-9.887450395771696376e-01
-9.892101245588708069e-01
-9.896654366655722734e-01
-9.901109713990311478e-01
-9.905467243576068226e-01
-9.909726912362942786e-01
-9.913888678267612775e-01
-9.917952500174008756e-01
-9.921918337933600673e-01
-9.925786152366072868e-01
-9.929555905259520587e-01
-9.933227559370668702e-01
-9.936801078425687717e-01
-9.940276427120040559e-01
-9.943653571118944434e-01
-9.946932477058065825e-01
-9.950113112543513827e-01
-9.953195446152456327e-01
-9.956179447432896845e-01
-9.959065086904490549e-01
-9.961852336058758528e-01
-9.964541167359072249e-01
-9.967131554241173141e-01
-9.969623471113401303e-01
-9.972016893356855372e-01
-9.974311797325966511e-01
-9.976508160348191989e-01
-9.978605960724556967e-01
-9.980605177730066391e-01
-9.982505791613277557e-01
-9.984307783597382580e-01
-9.986011135879537814e-01
-9.987615831631507790e-01
-9.989121854999857275e-01
-9.990529191105602669e-01
-9.991837826045165682e-01
-9.993047746890026950e-01
-9.994158941686630548e-01
-9.995171399457091210e-01
-9.996085110198652535e-01
-9.996900064884568504e-01
-9.997616255463344093e-01
-9.998233674859584585e-01
-9.998752316973310572e-01
-9.999172176680786173e-01
-9.999493249833757424e-01
-9.999715533260594702e-01
-9.999839024764834994e-01
-9.999863723126753978e-01
-9.999789628102196959e-01
-9.999616740423170613e-01
-9.999345061797806355e-01
-9.998974594910094993e-01
-9.998505343419966662e-01
-9.997937311963531748e-01
-9.997270506152600156e-01
-9.996504932574781233e-01
-9.995640598793577025e-01
-9.994677513348170228e-01
-9.993615685753267641e-01
-9.992455126499341089e-01
-9.991195847051970169e-01
-9.989837859852289670e-01
-9.988381178316395603e-01
-9.986825816835452896e-01
-9.985171790775760892e-01
-9.983419116478200461e-01
-9.981567811258250655e-01
-9.979617893405824391e-01
-9.977569382185093039e-01
-9.975422297834196650e-01
-9.973176661565252843e-01
-9.970832495564029285e-01
-9.968389822989568438e-01
-9.965848667974330777e-01
-9.963209055623353239e-01
-9.960471012014765479e-01
-9.957634564199088212e-01
-9.954699740198795777e-01
-9.951666569008388308e-01
-9.948535080593888802e-01
-9.945305305893045178e-01
-9.941977276814133457e-01
-9.938551026236405184e-01
-9.935026588009383541e-01
-9.931403996952661295e-01
-9.927683288855514432e-01
-9.923864500476613504e-01
-9.919947669543510704e-01
-9.915932834752427816e-01
-9.911820035767968662e-01
-9.907609313222293101e-01
-9.903300708715101486e-01
-9.898894264813270505e-01
-9.894390025049983883e-01
-9.889788033924811206e-01
-9.885088336903000705e-01
-9.880290980415165070e-01
-9.875396011856522049e-01
-9.870403479586912221e-01
-9.865313432929881943e-01
-9.860125922172346957e-01
-9.854840998564391441e-01
-9.849458714318030106e-01
-9.843979122607561250e-01
-9.838402277568276677e-01
-9.832728234296700398e-01
-9.826957048849234155e-01
-9.821088778242196282e-01
-9.815123480450894666e-01
-9.809061214409520169e-01
-9.802902040009994211e-01
-9.796646018101715647e-01
-9.790293210490866871e-01
-9.783843679939741023e-01
-9.777297490166496630e-01
-9.770654705843984100e-01
-9.763915392599324949e-01
-9.757079617013574291e-01
-9.750147446620544001e-01
-9.743118949906270920e-01
-9.735994196308669357e-01
-9.728773256216568521e-01
-9.721456200969057493e-01
-9.714043102854659217e-01
-9.706534035111009651e-01
-9.698929071923735323e-01
-9.691228288425933757e-01
-9.683431760697134294e-01
-9.675539565763078276e-01
-9.667551781594381222e-01
-9.659468487106188661e-01
-9.651289762157131413e-01
-9.643015687548839310e-01
-9.634646345024596714e-01
-9.626181817269306995e-01
-9.617622187908074771e-01
-9.608967541505325505e-01
-9.600217963564539048e-01
-9.591373540526950681e-01
-9.582434359770766186e-01
-9.573400509610373588e-01
-9.564272079295478290e-01
-9.555049159010166049e-01
-9.545731839872050317e-01
-9.536320213931243073e-01
-9.526814374169668698e-01
-9.517214414499908237e-01
-9.507520429764804160e-01
-9.497732515735702874e-01
-9.487850769111956239e-01
-9.477875287520104441e-01
-9.467806169512474890e-01
-9.457643514566858034e-01
-9.447387423084758762e-01
-9.437037996391179906e-01
-9.426595336732845887e-01
-9.416059547277727537e-01
-9.405430732113850834e-01
-9.394708996248528621e-01
-9.383894445606727475e-01
-9.372987187030513700e-01
-9.361987328277667775e-01
-9.350894978021334625e-01
-9.339710245847854253e-01
-9.328433242256662927e-01
-9.317064078658428006e-01
-9.305602867374589415e-01
-9.294049721635910810e-01
-9.282404755581402656e-01
-9.270668084257037700e-01
-9.258839823615087061e-01
-9.246920090512446011e-01
-9.234909002709931203e-01
-9.222806678870656416e-01
-9.210613238559327565e-01
-9.198328802240671731e-01
-9.185953491278304739e-01
-9.173487427933910698e-01
-9.160930735365592215e-01
-9.148283537626906714e-01
-9.135545959665393179e-01
-9.122718127321722825e-01
-9.109800167327919418e-01
-9.096792207306919620e-01
-9.083694375770346996e-01
-9.070506802117938028e-01
-9.057229616635856795e-01
-9.043862950495947794e-01
-9.030406935753547693e-01
-9.016861705347246625e-01
-9.003227393096635556e-01
-8.989504133701630151e-01
-8.975692062740754373e-01
-8.961791316669995844e-01
-8.947802032821321472e-01
-8.933724349401565012e-01
-8.919558405490792818e-01
-8.905304341041094807e-01
-8.890962296875076776e-01
-8.876532414684729089e-01
-8.862014837029538183e-01
-8.847409707335563978e-01
-8.832717169893723463e-01
-8.817937369858789287e-01
-8.803070453247164862e-01
-8.788116566936046148e-01
-8.773075858662233717e-01
-8.757948477019927846e-01
-8.742734571459659376e-01
-8.727434292286804229e-01
-8.712047790659988022e-01
-8.696575218589950307e-01
-8.681016728937345217e-01
-8.665372475411985409e-01
-8.649642612570737077e-01
-8.633827295816539626e-01
-8.617926681396201882e-01
-8.601940926399461729e-01
-8.585870188757283028e-01
-8.569714627239951588e-01
-8.553474401455914977e-01
-8.537149671850101651e-01
-8.520740599702271156e-01
-8.504247347125425405e-01
-8.487670077064123353e-01
-8.471008953293015509e-01
-8.454264140415373996e-01
-8.437435803861079719e-01
-8.420524109885072495e-01
-8.403529225566235272e-01
-8.386451318804940547e-01
-8.369290558321971218e-01
-8.352047113656571042e-01
-8.334721155164923623e-01
-8.317312854018337198e-01
-8.299822382201645921e-01
-8.282249912511466805e-01
-8.264595618554643197e-01
-8.246859674746278568e-01
-8.229042256308054526e-01
-8.211143539266820834e-01
-8.193163700452293918e-01
-8.175102917495946642e-01
-8.156961368828694603e-01
-8.138739233679670448e-01
-8.120436692073820240e-01
-8.102053924830772136e-01
-8.083591113562400565e-01
-8.065048440671513941e-01
-8.046426089350162680e-01
-8.027724243577178953e-01
-8.008943088117016496e-01
-7.990082808517752211e-01
-7.971143591108920123e-01
-7.952125622999871579e-01
-7.933029092078230926e-01
-7.913854187007621777e-01
-7.894601097226036091e-01
-7.875270012943801357e-01
-7.855861125141961887e-01
-7.836374625569999530e-01
-7.816810706744348192e-01
-7.797169561946226679e-01
-7.777451385219771307e-01
-7.757656371370228454e-01
-7.737784715961814053e-01
-7.717836615316036042e-01
-7.697812266509752588e-01
-7.677711867372810639e-01
-7.657535616486565999e-01
-7.637283713181799438e-01
-7.616956357536815991e-01
-7.596553750374943625e-01
-7.576076093263348632e-01
-7.555523588510411059e-01
-7.534896439164000537e-01
-7.514194849009492305e-01
-7.493419022567836540e-01
-7.472569165093195798e-01
-7.451645482571096490e-01
-7.430648181716695833e-01
-7.409577469972148389e-01
-7.388433555504918537e-01
-7.367216647205818703e-01
-7.345926954686712307e-01
-7.324564688278512037e-01
-7.303130059029276921e-01
-7.281623278701708779e-01
-7.260044559771576811e-01
-7.238394115425252906e-01
-7.216672159557587785e-01
-7.194878906770247884e-01
-7.173014572368915376e-01
-7.151079372361918152e-01
-7.129073523457295503e-01
-7.106997243061293767e-01
-7.084850749275981574e-01
-7.062634260896939464e-01
-7.040347997411283698e-01
-7.017992178995865471e-01
-6.995567026514176723e-01
-6.973072761515015650e-01
-6.950509606229849924e-01
-6.927877783570756121e-01
-6.905177517128250342e-01
-6.882409031168845726e-01
-6.859572550633461496e-01
-6.836668301134333214e-01
-6.813696508953310804e-01
-6.790657401039738028e-01
-6.767551205007800164e-01
-6.744378149134652167e-01
-6.721138462357739707e-01
-6.697832374272897349e-01
-6.674460115132223592e-01
-6.651021915841144327e-01
-6.627518007956815227e-01
-6.603948623685325092e-01
-6.580313995879969458e-01
-6.556614358038325152e-01
-6.532849944300170852e-01
-6.509020989445644112e-01
-6.485127728892319254e-01
-6.461170398692699379e-01
-6.437149235532875213e-01
-6.413064476729157803e-01
-6.388916360226247759e-01
-6.364705124594881580e-01
-6.340431009029338094e-01
-6.316094253345091447e-01
-6.291695097976487405e-01
-6.267233783974305306e-01
-6.242710553003367746e-01
-6.218125647340311257e-01
-6.193479309871083860e-01
-6.168771784088435961e-01
-6.144003314089886425e-01
-6.119174144574707208e-01
-6.094284520842199182e-01
-6.069334688788493581e-01
-6.044324894904982148e-01
-6.019255386275162989e-01
-5.994126410572626629e-01
-5.968938216058217172e-01
-5.943691051578269269e-01
-5.918385166561473953e-01
-5.893020811016581595e-01
-5.867598235529959405e-01
-5.842117691263425394e-01
-5.816579429951250768e-01
-5.790983703898026080e-01
-5.765330765976091065e-01
-5.739620869622856780e-01
-5.713854268838584050e-01
-5.688031218183667859e-01
-5.662151972776438003e-01
-5.636216788290051571e-01
-5.610225920950550060e-01
-5.584179627533999435e-01
-5.558078165363945500e-01
-5.531921792309278940e-01
-5.505710766781031218e-01
-5.479445347730411697e-01
-5.453125794645838909e-01
-5.426752367550646827e-01
-5.400325327000469189e-01
-5.373844934080510560e-01
-5.347311450403138267e-01
-5.320725138105247831e-01
-5.294086259845537379e-01
-5.267395078801994091e-01
-5.240651858669663765e-01
-5.213856863657293506e-01
-5.187010358485324435e-01
-5.160112608383068400e-01
-5.133163879086219961e-01
-5.106164436833968701e-01
-5.079114548366648885e-01
-5.052014480922800699e-01
-5.024864502236915387e-01
-4.997664880536490939e-01
-4.970415884539375329e-01
-4.943117783451448366e-01
-4.915770846963390395e-01
-4.888375345248562320e-01
-4.860931548960151782e-01
-4.833439729228493631e-01
-4.805900157658086203e-01
-4.778313106325497994e-01
-4.750678847776287905e-01
-4.722997655022371233e-01
-4.695269801539291854e-01
-4.667495561263690362e-01
-4.639675208590401390e-01
-4.611809018369790736e-01
-4.583897265905315654e-01
-4.555940226950221383e-01
-4.527938177705536638e-01
-4.499891394816467605e-01
-4.471800155370568297e-01
-4.443664736894645251e-01
-4.415485417351608377e-01
-4.387262475138445361e-01
-4.358996189082829931e-01
-4.330686838440880315e-01
-4.302334702893933494e-01
-4.273940062546388030e-01
-4.245503197922224081e-01
-4.217024389962540365e-01
-4.188503920023058380e-01
-4.159942069871060411e-01
-4.131339121682590099e-01
-4.102695358039618045e-01
-4.074011061927516053e-01
-4.045286516731991244e-01
-4.016522006236473152e-01
-3.987717814618973455e-01
-3.958874226449987099e-01
-3.929991526688860204e-01
-3.901070000681413630e-01
-3.872109934157202948e-01
-3.843111613226214973e-01
-3.814075324376883236e-01
-3.785001354472320445e-01
-3.755889990747820484e-01
-3.726741520808553587e-01
-3.697556232626088568e-01
-3.668334414535642241e-01
-3.639076355233328286e-01
-3.609782343773498825e-01
-3.580452669565463153e-01
-3.551087622370956987e-01
-3.521687492301064371e-01
-3.492252569813751872e-01
-3.462783145710421895e-01
-3.433279511133712214e-01
-3.403741957563697351e-01
-3.374170776815935135e-01
-3.344566261038223187e-01
-3.314928702707419239e-01
-3.285258394627159628e-01
-3.255555629924338779e-01
-3.225820702046728883e-01
-3.196053904759560416e-01
-3.166255532143311124e-01
-3.136425878590167193e-01
-3.106565238801253792e-01
-3.076673907784178152e-01
-3.046752180849419678e-01
-3.016800353607909657e-01
-2.986818721967882118e-01
-2.956807582132095491e-01
-2.926767230594853886e-01
-2.896697964138987835e-01
-2.866600079832918868e-01
-2.836473875027937241e-01
-2.806319647355154379e-01
-2.776137694722434768e-01
-2.745928315311432222e-01
-2.715691807575100758e-01
-2.685428470234094700e-01
-2.655138602274283444e-01
-2.624822502943681690e-01
-2.594480471749192607e-01
-2.564112808454363512e-01
-2.533719813075412941e-01
-2.503301785879372687e-01
-2.472859027380157615e-01
-2.442391838336270549e-01
-2.411900519747465221e-01
-2.381385372851936022e-01
-2.350846699123262662e-01
-2.320284800267331526e-01
-2.289699978219847110e-01
-2.259092535142549762e-01
-2.228462773420849530e-01
-2.197810995660721689e-01
-2.167137504685729132e-01
-2.136442603533585116e-01
-2.105726595453971950e-01
-2.074989783904573892e-01
-2.044232472549055712e-01
-2.013454965253466400e-01
-1.982657566083227130e-01
-1.951840579300702372e-01
-1.921004309361370455e-01
-1.890149060911269774e-01
-1.859275138783952064e-01
-1.828382847997610250e-01
-1.797472493751794409e-01
-1.766544381424499932e-01
-1.735598816569122738e-01
-1.704636104911741723e-01
-1.673656552347494164e-01
-1.642660464938039966e-01
-1.611648148908377265e-01
-1.580619910643934201e-01
-1.549576056687264058e-01
-1.518516893735418205e-01
-1.487442728636461931e-01
-1.456353868386813522e-01
-1.425250620128050150e-01
-1.394133291143759279e-01
-1.363002188857038444e-01
-1.331857620826569777e-01
-1.300699894744282159e-01
-1.269529318432195963e-01
-1.238346199839092387e-01
-1.207150847037882779e-01
-1.175943568222078822e-01
-1.144724671703178098e-01
-1.113494465907446801e-01
-1.082253259372947529e-01
-1.051001360746313812e-01
-1.019739078779758473e-01
-9.884667223282110615e-02
-9.571846003460939001e-02
-9.258930218842759130e-02
-8.945922960871130480e-02
-8.632827321893069006e-02
-8.319646395127681948e-02
-8.006383274638170788e-02
-7.693041055299551512e-02
-7.379622832766409568e-02
-7.066131703447596502e-02
-6.752570764469981168e-02
-6.438943113649708838e-02
-6.125251849462302889e-02
-5.811500071012688090e-02
-5.497690878003554799e-02
-5.183827370703594090e-02
-4.869912649920574155e-02
-4.555949816965267074e-02
-4.241941973625985851e-02
-3.927892222133608224e-02
-3.613803665135077031e-02
-3.299679405660144865e-02
-2.985522547090863413e-02
-2.671336193131026646e-02
-2.357123447776782177e-02
-2.042887415284365057e-02
-1.728631200140554741e-02
-1.414357907031411898e-02
-1.100070640811422543e-02
-7.857725064726593309e-03
-4.714666091148719818e-03
-1.571560539158721632e-03
1.571560539018862371e-03
4.714666091015844336e-03
7.857725064597217632e-03
1.100070640798878410e-02
1.414357907019669208e-02
1.728631200129615922e-02
2.042887415273446014e-02
2.357123447765006180e-02
2.671336193119193403e-02
2.985522547078551386e-02
3.299679405647940739e-02
3.613803665122796577e-02
3.927892222121039112e-02
4.241941973613039263e-02
4.555949816952927639e-02
4.869912649908697544e-02
5.183827370691668213e-02
5.497690877990622782e-02
5.811500070999171819e-02
6.125251849448501429e-02
6.438943113635677007e-02
6.752570764456948538e-02
7.066131703435966915e-02
7.379622832754914596e-02
7.693041055286420349e-02
8.006383274625454571e-02
8.319646395115216919e-02
8.632827321879971150e-02
8.945922960858486428e-02
9.258930218830063730e-02
9.571846003447982698e-02
9.884667223269197334e-02
1.019739078778477137e-01
1.051001360744906049e-01
1.082253259371629833e-01
1.113494465906063602e-01
1.144724671701709273e-01
1.175943568220582935e-01
1.207150847036361219e-01
1.238346199837701000e-01
1.269529318430809850e-01
1.300699894742985696e-01
1.331857620825290800e-01
1.363002188855841901e-01
1.394133291142558573e-01
1.425250620126780887e-01
1.456353868385611428e-01
1.487442728635289535e-01
1.518516893734175588e-01
1.549576056686028935e-01
1.580619910642638570e-01
1.611648148907027789e-01
1.642660464936688269e-01
1.673656552346100279e-01
1.704636104910492445e-01
1.735598816567991975e-01
1.766544381423354182e-01
1.797472493750734979e-01
1.828382847996553595e-01
1.859275138782909564e-01
1.890149060910112089e-01
1.921004309360329898e-01
1.951840579299744804e-01
1.982657566082350054e-01
2.013454965252479967e-01
2.044232472548063728e-01
2.074989783903533336e-01
2.105726595452837580e-01
2.136442603532681672e-01
2.167137504684759908e-01
2.197810995659854605e-01
2.228462773419900567e-01
2.259092535141497271e-01
2.289699978218905363e-01
2.320284800266395331e-01
2.350846699122130234e-01
2.381385372850794435e-01
2.411900519746407734e-01
2.442391838335175314e-01
2.472859027379113173e-01
2.503301785878296326e-01
2.533719813074324367e-01
2.564112808453208880e-01
2.594480471748208950e-01
2.624822502942766866e-01
2.655138602273429682e-01
2.685428470233329201e-01
2.715691807574347472e-01
2.745928315310698364e-01
2.776137694721610982e-01
2.806319647354408309e-01
2.836473875027198388e-01
2.866600079832046788e-01
2.896697964138111869e-01
2.926767230594058966e-01
2.956807582131281698e-01
2.986818721967104406e-01
3.016800353607128060e-01
3.046752180848701919e-01
3.076673907783503137e-01
3.106565238800667039e-01
3.136425878589632621e-01
3.166255532142869256e-01
3.196053904759171838e-01
3.225820702046292010e-01
3.255555629924049565e-01
3.285258394626849321e-01
3.314928702707143349e-01
3.344566261037848487e-01
3.374170776815611505e-01
3.403741957563375942e-01
3.433279511133452977e-01
3.462783145710324750e-01
3.492252569813566465e-01
3.521687492300871747e-01
3.551087622370731056e-01
3.580452669565309942e-01
3.609782343773322855e-01
3.639076355233137883e-01
3.668334414535470711e-01
3.697556232625871520e-01
3.726741520808293795e-01
3.755889990747483531e-01
3.785001354471849155e-01
3.814075324376511866e-01
3.843111613225886902e-01
3.872109934156744981e-01
3.901070000680941785e-01
3.929991526688411119e-01
3.958874226449579092e-01
3.987717814618612633e-01
4.016522006236120657e-01
4.045286516731689264e-01
4.074011061927349520e-01
4.102695358039465390e-01
4.131339121682348625e-01
4.159942069870728454e-01
4.188503920022748628e-01
4.217024389962278907e-01
4.245503197921823846e-01
4.273940062546118246e-01
4.302334702893739204e-01
4.330686838440528930e-01
4.358996189082478545e-01
4.387262475138187234e-01
4.415485417351314168e-01
4.443664736894289979e-01
4.471800155370319052e-01
4.499891394816171175e-01
4.527938177705203016e-01
4.555940226949991012e-01
4.583897265905028662e-01
4.611809018369534274e-01
4.639675208590018363e-01
4.667495561263381720e-01
4.695269801539025956e-01
4.722997655022039831e-01
4.750678847776024227e-01
4.778313106325204895e-01
4.805900157657762573e-01
4.833439729228216075e-01
4.860931548959842585e-01
4.888375345248252013e-01
4.915770846963036789e-01
4.943117783451020375e-01
4.970415884539033380e-01
4.997664880536168974e-01
5.024864502236512376e-01
5.052014480922328854e-01
5.079114548366152615e-01
5.106164436833451337e-01
5.133163879085654857e-01
5.160112608382519950e-01
5.187010358484722694e-01
5.213856863656646246e-01
5.240651858669074237e-01
5.267395078801503372e-01
5.294086259845071085e-01
5.320725138104785978e-01
5.347311450402687516e-01
5.373844934079970992e-01
5.400325326999910747e-01
5.426752367550127243e-01
5.453125794645220514e-01
5.479445347729740012e-01
5.505710766780440579e-01
5.531921792308674979e-01
5.558078165363372625e-01
5.584179627533398804e-01
5.610225920949964973e-01
5.636216788289416524e-01
5.662151972775821829e-01
5.688031218183065008e-01
5.713854268837859074e-01
5.739620869622095167e-01
5.765330765975358318e-01
5.790983703897314427e-01
5.816579429950664570e-01
5.842117691262718182e-01
5.867598235529285500e-01
5.893020811015882154e-01
5.918385166560772292e-01
5.943691051577633111e-01
5.968938216057504409e-01
5.994126410571788410e-01
6.019255386274393604e-01
6.044324894904214984e-01
6.069334688787688670e-01
6.094284520841294350e-01
6.119174144574006657e-01
6.144003314089180323e-01
6.168771784087819787e-01
6.193479309870437710e-01
6.218125647339683981e-01
6.242710553002737139e-01
6.267233783973705785e-01
6.291695097976032214e-01
6.316094253344746168e-01
6.340431009029006137e-01
6.364705124594400854e-01
6.388916360225691538e-01
6.413064476728539409e-01
6.437149235532215741e-01
6.461170398691977734e-01
6.485127728891549870e-01
6.509020989445046812e-01
6.532849944299535805e-01
6.556614358037586854e-01
6.580313995879153444e-01
6.603948623684519070e-01
6.627518007955927049e-01
6.651021915840279464e-01
6.674460115131324311e-01
6.697832374271993627e-01
6.721138462356686105e-01
6.744378149133487543e-01
6.767551205006737680e-01
6.790657401038736607e-01
6.813696508952368225e-01
6.836668301133205228e-01
6.859572550632359045e-01
6.882409031167711078e-01
6.905177517127008002e-01
6.927877783569567072e-01
6.950509606228730819e-01
6.973072761513977591e-01
6.995567026513026532e-01
7.017992178994677532e-01
7.040347997410186798e-01
7.062634260895697125e-01
7.084850749274804738e-01
7.106997243060101388e-01
7.129073523456164185e-01
7.151079372360881203e-01
7.173014572368008324e-01
7.194878906769320848e-01
7.216672159556709598e-01
7.238394115424391373e-01
7.260044559770727490e-01
7.281623278700949387e-01
7.303130059028654086e-01
7.324564688277963587e-01
7.345926954686112786e-01
7.367216647205306890e-01
7.388433555504414496e-01
7.409577469971659891e-01
7.430648181716316136e-01
7.451645482570751211e-01
7.472569165092772803e-01
7.493419022567355814e-01
7.514194849008956067e-01
7.534896439163256687e-01
7.555523588509638344e-01
7.576076093262480438e-01
7.596553750374117620e-01
7.616956357535950017e-01
7.637283713180971212e-01
7.657535616485664498e-01
7.677711867371849186e-01
7.697812266508755608e-01
7.717836615315124549e-01
7.737784715960813742e-01
7.757656371369228143e-01
7.777451385218789870e-01
7.797169561945285210e-01
7.816810706743326786e-01
7.836374625568841568e-01
7.855861125140709555e-01
7.875270012942531261e-01
7.894601097224634989e-01
7.913854187006179597e-01
7.933029092076747668e-01
7.952125622998391652e-01
7.971143591107467952e-01
7.990082808516349999e-01
8.008943088115668685e-01
8.027724243575723451e-01
8.046426089348734934e-01
8.065048440670080643e-01
8.083591113560946173e-01
8.102053924829383247e-01
8.120436692072511287e-01
8.138739233678308205e-01
8.156961368827423398e-01
8.175102917494735388e-01
8.193163700451155940e-01
8.211143539265700619e-01
8.229042256307076419e-01
8.246859674745358193e-01
8.264595618553830514e-01
8.282249912510776246e-01
8.299822382201034188e-01
8.317312854017727686e-01
8.334721155164348527e-01
8.352047113655990396e-01
8.369290558321416107e-01
8.386451318804462041e-01
8.403529225565652405e-01
8.420524109884610642e-01
8.437435803860540151e-01
8.454264140414903261e-01
8.471008953292545884e-01
8.487670077063679264e-01
8.504247347124956891e-01
8.520740599701930318e-01
8.537149671849695309e-01
8.553474401455444243e-01
8.569714627239491955e-01
8.585870188756701271e-01
8.601940926398861098e-01
8.617926681395493560e-01
8.633827295815729164e-01
8.649642612570065392e-01
8.665372475411146080e-01
8.681016728936483684e-01
8.696575218589069900e-01
8.712047790659066537e-01
8.727434292285817241e-01
8.742734571458727899e-01
8.757948477018963063e-01
8.773075858661254500e-01
8.788116566935088025e-01
8.803070453246039095e-01
8.817937369857784535e-01
8.832717169892891906e-01
8.847409707334699114e-01
8.862014837028704406e-01
8.876532414683894201e-01
8.890962296874332926e-01
8.905304341040356508e-01
8.919558405490013442e-01
8.933724349400776754e-01
8.947802032820537654e-01
8.961791316669263097e-01
8.975692062740112664e-01
8.989504133701093913e-01
9.003227393096115971e-01
9.016861705346763678e-01
9.030406935753105824e-01
9.043862950495467068e-01
9.057229616635361635e-01
9.070506802117399570e-01
9.083694375769747476e-01
9.096792207306307887e-01
9.109800167327348763e-01
9.122718127320992298e-01
9.135545959664648219e-01
9.148283537626128448e-01
9.160930735364908317e-01
9.173487427933317839e-01
9.185953491277735194e-01
9.198328802240183233e-01
9.210613238558861271e-01
9.222806678870262287e-01
9.234909002709476011e-01
9.246920090511969725e-01
9.258839823614432030e-01
9.270668084256483699e-01
9.282404755580871969e-01
9.294049721635427863e-01
9.305602867374069831e-01
9.317064078657797399e-01
9.328433242255964597e-01
9.339710245847224757e-01
9.350894978020664050e-01
9.361987328277003861e-01
9.372987187029769851e-01
9.383894445606079104e-01
9.394708996247917998e-01
9.405430732113321257e-01
9.416059547277160213e-01
9.426595336732223052e-01
9.437037996390542638e-01
9.447387423084226965e-01
9.457643514566138609e-01
9.467806169511790992e-01
9.477875287519400560e-01
9.487850769111253468e-01
9.497732515735108905e-01
9.507520429764187986e-01
9.517214414499362007e-01
9.526814374168975919e-01
9.536320213930665757e-01
9.545731839871572921e-01
9.555049159009891824e-01
9.564272079295305096e-01
9.573400509610248132e-01
9.582434359770655163e-01
9.591373540526799690e-01
9.600217963564353640e-01
9.608967541505184506e-01
9.617622187907919340e-01
9.626181817269219287e-01
9.634646345024422409e-01
9.643015687548475157e-01
9.651289762156768370e-01
9.659468487105720147e-01
9.667551781593930471e-01
9.675539565762711902e-01
9.683431760696763480e-01
9.691228288425487447e-01
9.698929071923286793e-01
9.706534035110518932e-01
9.714043102854148515e-01
9.721456200968613404e-01
9.728773256216209919e-01
9.735994196308344062e-01
9.743118949906085513e-01
9.750147446620480718e-01
9.757079617013671990e-01
9.763915392599489262e-01
9.770654705844084020e-01
9.777297490166543259e-01
9.783843679939768778e-01
9.790293210490736975e-01
9.796646018101481390e-01
9.802902040009742191e-01
9.809061214409353635e-01
9.815123480450607119e-01
9.821088778241811035e-01
9.826957048848907750e-01
9.832728234296373993e-01
9.838402277567979137e-01
9.843979122607342536e-01
9.849458714317850250e-01
9.854840998564214916e-01
9.860125922172234825e-01
9.865313432929767590e-01
9.870403479586691287e-01
9.875396011856237832e-01
9.880290980414765389e-01
9.885088336902538853e-01
9.889788033924351573e-01
9.894390025049545345e-01
9.898894264812763133e-01
9.903300708714630751e-01
9.907609313221777958e-01
9.911820035767551218e-01
9.915932834752065883e-01
9.919947669543106583e-01
9.923864500476206052e-01
9.927683288855243537e-01
9.931403996952381519e-01
9.935026588009140402e-01
9.938551026236145391e-01
9.941977276813922515e-01
9.945305305892947478e-01
9.948535080593851054e-01
9.951666569008282837e-01
9.954699740198748037e-01
9.957634564199144833e-01
9.960471012014933123e-01
9.963209055623580834e-01
9.965848667974438468e-01
9.968389822989753846e-01
9.970832495564108111e-01
9.973176661565339440e-01
9.975422297834198870e-01
9.977569382185077496e-01
9.979617893405807738e-01
9.981567811258307277e-01
9.983419116478294830e-01
9.985171790775809741e-01
9.986825816835419589e-01
9.988381178316306785e-01
9.989837859852185309e-01
9.991195847051860257e-01
9.992455126499050211e-01
9.993615685753010069e-01
9.994677513347838271e-01
9.995640598793145148e-01
9.996504932574292734e-01
9.997270506151952896e-01
9.997937311962920015e-01
9.998505343419383795e-01
9.998974594909464386e-01
9.999345061797166867e-01
9.999616740422581085e-01
9.999789628101577454e-01
9.999863723126185544e-01
9.999839024764451967e-01
9.999715533260163935e-01
9.999493249833415476e-01
9.999172176680402035e-01
9.998752316973006371e-01
9.998233674859178244e-01
9.997616255463011026e-01
9.996900064884192139e-01
9.996085110198317247e-01
9.995171399456607153e-01
9.994158941686126507e-01
9.993047746889496263e-01
9.991837826044682735e-01
9.990529191105160800e-01
9.989121854999395422e-01
9.987615831631216912e-01
9.986011135879256928e-01
9.984307783597157204e-01
9.982505791613123236e-01
9.980605177729773292e-01
9.978605960724287183e-01
9.976508160347906662e-01
9.974311797325723372e-01
9.972016893356610012e-01
9.969623471112961655e-01
9.967131554240655777e-01
9.964541167358657026e-01
9.961852336058392154e-01
9.959065086904146380e-01
9.956179447432519369e-01
9.953195446152073300e-01
9.950113112543165217e-01
9.946932477057576216e-01
9.943653571118390433e-01
9.940276427119540958e-01
9.936801078425244738e-01
9.933227559370371162e-01
9.929555905259287441e-01
9.925786152365906334e-01
9.921918337933334220e-01
9.917952500173728980e-01
9.913888678267361865e-01
9.909726912362722961e-01
9.905467243575880598e-01
9.901109713990170480e-01
9.896654366655611712e-01
9.892101245588665881e-01
9.887450395771770761e-01
9.882701863152778543e-01
9.877855694644852580e-01
9.872911938125539244e-01
9.867870642436591400e-01
9.862731857383228995e-01
9.857495633734083551e-01
9.852162023220267795e-01
9.846731078534954884e-01
9.841202853333157474e-01
9.835577402230603061e-01
9.829854780804003767e-01
9.824035045589761816e-01
9.818118254083759711e-01
9.812104464740861731e-01
9.805993736974116803e-01
9.799786131154230029e-01
9.793481708609116376e-01
9.787080531623119084e-01
9.780582663436564461e-01
9.773988168244952535e-01
9.767297111198413040e-01
9.760509558401027075e-01
9.753625576910225359e-01
9.746645234736226460e-01
9.739568600841030932e-01
9.732395745138046061e-01
9.725126738491439715e-01
9.717761652715039000e-01
9.710300560572109330e-01
9.702743535774058792e-01
9.695090652980669077e-01
9.687341987798262499e-01
9.679497616779518809e-01
9.671557617422678055e-01
9.663522068170804502e-01
9.655391048410989496e-01
9.647164638473240128e-01
9.638842919630247197e-01
9.630425974096202824e-01
9.621913885026029956e-01
9.613306736514743989e-01
9.604604613596456897e-01
9.595807602243561218e-01
9.586915789365857421e-01
9.577929262809805611e-01
9.568848111357461939e-01
9.559672424725915718e-01
9.550402293566058187e-01
9.541037809462032948e-01
9.531579064929767142e-01
9.522026153416971450e-01
9.512379169301209414e-01
9.502638207889634314e-01
9.492803365417729067e-01
9.482874739048587909e-01
9.472852426871917197e-01
9.462736527902803063e-01
9.452527142081078582e-01
9.442224370269930445e-01
9.431828314255479295e-01
9.421339076745272045e-01
9.410756761367430334e-01
9.400081472669569171e-01
9.389313316117887664e-01
9.378452398096225329e-01
9.367498825904836401e-01
9.356452707759046472e-01
9.345314152788677386e-01
9.334083271036855978e-01
9.322760173458832789e-01
9.311344971920930691e-01
9.299837779198992793e-01
9.288238708978243663e-01
9.276547875851306468e-01
9.264765395317597907e-01
9.252891383781836065e-01
9.240925958552744790e-01
9.228869237842679540e-01
9.216721340765519077e-01
9.204482387336180294e-01
9.192152498469023936e-01
9.179731795976888709e-01
9.167220402569838944e-01
9.154618441853580313e-01
9.141926038329143411e-01
9.129143317390749912e-01
9.116270405324895520e-01
9.103307429309207555e-01
9.090254517411032742e-01
9.077111798586183777e-01
9.063879402677860186e-01
9.050557460415051825e-01
9.037146103411745068e-01
9.023645464164911090e-01
9.010055676053919660e-01
8.996376873338672864e-01
8.982609191158432704e-01
8.968752765530704218e-01
8.954807733349738896e-01
8.940774232385024778e-01
8.926652401280105176e-01
8.912442379551406280e-01
8.898144307586377533e-01
8.883758326642450243e-01
8.869284578845567646e-01
8.854723207188541778e-01
8.840074355530324057e-01
8.825338168593667154e-01
8.810514791964387804e-01
8.795604372089728118e-01
8.780607056276624744e-01
8.765522992690710780e-01
8.750352330354567165e-01
8.735095219146409296e-01
8.719751809798523823e-01
8.704322253895550032e-01
8.688806703873497295e-01
8.673205313017822160e-01
8.657518235462006162e-01
8.641745626186098095e-01
8.625887641015260732e-01
8.609944436617954500e-01
8.593916170504559693e-01
8.577803001025974261e-01
8.561605087371982892e-01
8.545322589569235294e-01
8.528955668480335817e-01
8.512504485801875020e-01
8.495969204062733260e-01
8.479349986622941593e-01
8.462646997671625648e-01
8.445860402225268126e-01
8.428990366126623002e-01
8.412037056043077943e-01
8.395000639464139658e-01
8.377881284700707809e-01
8.360679160883001115e-01
8.343394437958991938e-01
8.326027286692614382e-01
8.308577878662063432e-01
8.291046386258333900e-01
8.273432982683321946e-01
8.255737841948412870e-01
8.237961138872020861e-01
8.220103049078656410e-01
8.202163748996922354e-01
8.184143415857504378e-01
8.166042227691977518e-01
8.147860363330281519e-01
8.129598002400005852e-01
8.111255325323470933e-01
8.092832513316685628e-01
8.074329748387366612e-01
8.055747213333090961e-01
8.037085091739424314e-01
8.018343567978241104e-01
7.999522827206063669e-01
7.980623055361958373e-01
7.961644439165669329e-01
7.942587166115947506e-01
7.923451424488442418e-01
7.904237403334274381e-01
7.884945292478019452e-01
7.865575282515342437e-01
7.846127564811763433e-01
7.826602331500693843e-01
7.806999775480997217e-01
7.787320090415641438e-01
7.767563470729591524e-01
7.747730111607702419e-01
7.727820208993190221e-01
7.707833959585542738e-01
7.687771560838142504e-01
7.667633210957039980e-01
7.647419108898616535e-01
7.627129454367364003e-01
7.606764447814438057e-01
7.586324290435455531e-01
7.565809184168341694e-01
7.545219331691587206e-01
7.524554936422086504e-01
7.503816202513150513e-01
7.483003334852531552e-01
7.462116539060404952e-01
7.441156021487270733e-01
7.420121989212086211e-01
7.399014650039947849e-01
7.377834212500372635e-01
7.356580885844843376e-01
7.335254880045029013e-01
7.313856405790726267e-01
7.292385674487265046e-01
7.270842898254517017e-01
7.249228289923589363e-01
7.227542063035404807e-01
7.205784431838568871e-01
7.183955611287098364e-01
7.162055817037974448e-01
7.140085265449815921e-01
7.118044173580152512e-01
7.095932759183287697e-01
7.073751240708264776e-01
7.051499837296918427e-01
7.029178768781327857e-01
7.006788255681917210e-01
6.984328519205169616e-01
6.961799781241381213e-01
6.939202264362734907e-01
6.916536191820756851e-01
6.893801787544278081e-01
6.870999276137341738e-01
6.848128882876521883e-01
6.825190833709485760e-01
6.802185355251859633e-01
6.779112674785842119e-01
6.755973020257219908e-01
6.732766620273799019e-01
6.709493704102524880e-01
6.686154501667413985e-01
6.662749243547472222e-01
6.639278160974479981e-01
6.615741485830297641e-01
6.592139450644978194e-01
6.568472288594050523e-01
6.544740233496678661e-01
6.520943519812903988e-01
6.497082382641993226e-01
6.473157057719377550e-01
6.449167781414478773e-01
6.425114790728823078e-01
6.400998323293276560e-01
6.376818617365924702e-01
6.352575911829396738e-01
6.328270446188857257e-01
6.303902460569497102e-01
6.279472195714302929e-01
6.254979892981313849e-01
6.230425794341613033e-01
6.205810142376759764e-01
6.181133180276476846e-01
6.156395151836088209e-01
6.131596301454297349e-01
6.106736874130643811e-01
6.081817115463281631e-01
6.056837271646139387e-01
6.031797589467096099e-01
6.006698316304874830e-01
5.981539700127277426e-01
5.956321989487898261e-01
5.931045433524682053e-01
5.905710281956465524e-01
5.880316785081399766e-01
5.854865193773908238e-01
5.829355759482013344e-01
5.803788734225689971e-01
5.778164370593708021e-01
5.752482921741229882e-01
5.726744641387464529e-01
5.700949783812943039e-01
5.675098603857419155e-01
5.649191356916876128e-01
5.623228298941348458e-01
5.597209686432036424e-01
5.571135776439173348e-01
5.545006826559203406e-01
5.518823094932475692e-01
5.492584840240438693e-01
5.466292321703262180e-01
5.439945799077240407e-01
5.413545532652023207e-01
5.387091783248442178e-01
5.360584812215392070e-01
5.334024881427982256e-01
5.307412253284279346e-01
5.280747190703113381e-01
5.254029957121121308e-01
5.227260816490586492e-01
5.200440033276391150e-01
5.173567872453840311e-01
5.146644599505796336e-01
5.119670480419973302e-01
5.092645781686470086e-01
5.065570770295019232e-01
5.038445713732503384e-01
5.011270879980208592e-01
4.984046537511137021e-01
4.956772955287474525e-01
4.929450402757814542e-01
4.902079149854686180e-01
4.874659466991503876e-01
4.847191625060402465e-01
4.819675895429204604e-01
4.792112549938893906e-01
4.764501860900597352e-01
4.736844101093520276e-01
4.709139543761748925e-01
4.681388462611607570e-01
4.653591131809260428e-01
4.625747825977687411e-01
4.597858820194117846e-01
4.569924389987068958e-01
4.541944811334152066e-01
4.513920360658915665e-01
4.485851314828065428e-01
4.457737951149016720e-01
4.429580547366885890e-01
4.401379381662141044e-01
4.373134732647424583e-01
4.344846879364983594e-01
4.316516101283904283e-01
4.288142678297309773e-01
4.259726890719740533e-01
4.231269019284140120e-01
4.202769345139381607e-01
4.174228149847172831e-01
4.145645715379436269e-01
4.117022324115718335e-01
4.088358258839932535e-01
4.059653802737916983e-01
4.030909239394716015e-01
4.002124852791336118e-01
3.973300927302452212e-01
3.944437747693130825e-01
3.915535599116614640e-01
3.886594767110745363e-01
3.857615537595615041e-01
3.828598196871019765e-01
3.799543031612708788e-01
3.770450328870623147e-01
3.741320376065258579e-01
3.712153460985186393e-01
3.682949871784198526e-01
3.653709896978432070e-01
3.624433825443298396e-01
3.595121946411098945e-01
3.565774549467688459e-01
3.536391924549741050e-01
3.506974361942394869e-01
3.477522152275572820e-01
3.448035586521543405e-01
3.418514955992055793e-01
3.388960552335379406e-01
3.359372667533653267e-01
3.329751593899432649e-01
3.300097624073174418e-01
3.270411051020675197e-01
3.240692168029560283e-01
3.210941268706796192e-01
3.181158646975544291e-01
3.151344597072427978e-01
3.121499413544554513e-01
3.091623391246670627e-01
3.061716825338119397e-01
3.031780011279970322e-01
3.001813244832177707e-01
2.971816822050712403e-01
2.941791039284289977e-01
2.911736193171922116e-01
2.881652580639611494e-01
2.851540498897673914e-01
2.821400245437566401e-01
2.791232118029083886e-01
2.761036414717520926e-01
2.730813433820429292e-01
2.700563473925032820e-01
2.670286833884894517e-01
2.639983812817337516e-01
2.609654710100325348e-01
2.579299825369352206e-01
2.548919458514642411e-01
2.518513909678252727e-01
2.488083479250924601e-01
2.457628467869383826e-01
2.427149176413076481e-01
2.396645906001333981e-01
2.366118957990384908e-01
2.335568633970392938e-01
2.304995235762534733e-01
2.274399065415949051e-01
2.243780425204521811e-01
2.213139617624244326e-01
2.182476945390350587e-01
2.151792711433713756e-01
2.121087218898525528e-01
2.090360771138779494e-01
2.059613671715564143e-01
2.028846224394306175e-01
1.998058733140833099e-01
1.967251502119606310e-01
1.936424835689691537e-01
1.905579038402341885e-01
1.874714414997835366e-01
1.843831270402261358e-01
1.812929909724990962e-01
1.782010638255068502e-01
1.751073761458714351e-01
1.720119584975861871e-01
1.689148414617645810e-01
1.658160556362761051e-01
1.627156316355049814e-01
1.596136000899913698e-01
1.565099916461820950e-01
1.534048369660913624e-01
1.502981667270089083e-01
1.471900116212049026e-01
1.440804023556245816e-01
1.409693696515520733e-01
1.378569442443545456e-01
1.347431568831607418e-01
1.316280383305459822e-01
1.285116193622603264e-01
1.253939307668550385e-01
1.222750033454680363e-01
1.191548679114346060e-01
1.160335552900794570e-01
1.129110963183210248e-01
1.097875218444000350e-01
1.066628627275890140e-01
1.035371498378741956e-01
1.004104140556620478e-01
9.728268627143683844e-02
9.415399738552010511e-02
9.102437830769305460e-02
8.789385995695581100e-02
8.476247326118081793e-02
8.163024915682676186e-02
7.849721858860198020e-02
7.536341250919148527e-02
7.222886187895904975e-02
6.909359766561702643e-02
6.595765084393703792e-02
6.282105239539723107e-02
5.968383330795735964e-02
5.654602457567419610e-02
5.340765719844654119e-02
5.026876218170597821e-02
4.712937053607043486e-02
4.398951327708042897e-02
4.084922142486617502e-02
3.770852600386610104e-02
3.456745804248909787e-02
3.142604857282667308e-02
2.828432863036173597e-02
2.514232925362743648e-02
2.200008148393268331e-02
1.885761636501068206e-02
1.571496494277389855e-02
1.257215826496345217e-02
9.429227380846678941e-03
6.286203340934391585e-03
3.143117196636379014e-03
0.000000000000000000e+00
