0.000000000000000000e+00
2.095085961908208470e-03
4.190162727611748510e-03
6.285221100948967625e-03
8.380251885844906129e-03
1.047524588634497246e-02
1.257019390664718649e-02
1.466508675113800848e-02
1.675991522447830076e-02
1.885467013160097016e-02
2.094934227775221286e-02
2.304392246854153684e-02
2.513840150998970444e-02
2.723277020856537667e-02
2.932701937120114205e-02
3.142113980537971502e-02
3.351512231913851558e-02
3.560895772111713486e-02
3.770263682058973970e-02
3.979615042754953286e-02
4.188948935270139784e-02
4.398264440748923115e-02
4.607560640419106068e-02
4.816836615594337345e-02
5.026091447674228135e-02
5.235324218152003634e-02
5.444534008619879295e-02
5.653719900768568868e-02
5.862880976393518295e-02
6.072016317399728247e-02
6.281125005806723061e-02
6.490206123750116851e-02
6.699258753485121121e-02
6.908281977392984052e-02
7.117274877983748027e-02
7.326236537901198442e-02
7.535166039926652348e-02
7.744062466981041504e-02
7.952924902130414919e-02
8.161752428591757813e-02
8.370544129734039385e-02
8.579299089083766705e-02
8.788016390329810024e-02
8.996695117324608748e-02
9.205334354089911297e-02
9.413933184823318479e-02
9.622490693897274572e-02
9.831005965866061735e-02
1.003947808546862275e-01
1.024790613763420094e-01
1.045628920748811058e-01
1.066462638034830490e-01
1.087291674173727352e-01
1.108115937738247680e-01
1.128935337321992360e-01
1.149749781540064381e-01
1.170559179029129343e-01
1.191363438448097140e-01
1.212162468478489019e-01
1.232956177824765798e-01
1.253744475214733922e-01
1.274527269399647889e-01
1.295304469155454663e-01
1.316075983282450901e-01
1.336841720605742856e-01
1.357601589975848400e-01
1.378355500269130562e-01
1.399103360388175010e-01
1.419845079261827792e-01
1.440580565846150962e-01
1.461309729124439238e-01
1.482032478107793705e-01
1.502748721835616974e-01
1.523458369375637056e-01
1.544161329824549622e-01
1.564857512308563958e-01
1.585546825983379926e-01
1.606229180035222692e-01
1.626904483680574331e-01
1.647572646166889365e-01
1.668233576773144045e-01
1.688887184809764186e-01
1.709533379619661564e-01
1.730172070577988552e-01
1.750803167092950252e-01
1.771426578606295210e-01
1.792042214593137228e-01
1.812649984562935968e-01
1.833249798059664315e-01
1.853841564662235264e-01
1.874425193984834703e-01
1.895000595677277244e-01
1.915567679425545233e-01
1.936126354952294737e-01
1.956676532016879133e-01
1.977218120416055214e-01
1.997751029984375648e-01
2.018275170594357459e-01
2.038790452156896416e-01
2.059296784621973408e-01
2.079794077978769917e-01
2.100282242256251986e-01
2.120761187523294844e-01
2.141230823889232193e-01
2.161691061504449618e-01
2.182141810560383755e-01
2.202582981290331920e-01
2.223014483969458777e-01
2.243436228915338948e-01
2.263848126488501866e-01
2.284250087092691839e-01
2.304642021175309918e-01
2.325023839227449707e-01
2.345395451785045604e-01
2.365756769428618012e-01
2.386107702783932527e-01
2.406448162522168699e-01
2.426778059360758244e-01
2.447097304063112488e-01
2.467405807439850274e-01
2.487703480348530394e-01
2.507990233694080695e-01
2.528265978429694028e-01
2.548530625556623130e-01
2.568784086124852872e-01
2.589026271233667575e-01
2.609257092031619929e-01
2.629476459717174919e-01
2.649684285539379847e-01
2.669880480797466871e-01
2.690064956842177502e-01
2.710237625075228030e-01
2.730398396950453610e-01
2.750547183974036969e-01
2.770683897704476761e-01
2.790808449753370835e-01
2.810920751785657146e-01
2.831020715520134456e-01
2.851108252729826487e-01
2.871183275242068511e-01
2.891245694939253985e-01
2.911295423759082679e-01
2.931332373695133553e-01
2.951356456796884187e-01
2.971367585170038850e-01
2.991365670977744196e-01
3.011350626439978639e-01
3.031322363834534905e-01
3.051280795497102183e-01
3.071225833822001094e-01
3.091157391262060461e-01
3.111075380329336171e-01
3.130979713595645197e-01
3.150870303692595575e-01
3.170747063311932235e-01
3.190609905206461816e-01
3.210458742189947756e-01
3.230293487137525510e-01
3.250114052986467494e-01
3.269920352735812830e-01
3.289712299447650201e-01
3.309489806246870280e-01
3.329252786321895696e-01
3.349001152924640512e-01
3.368734819371383971e-01
3.388453699042868195e-01
3.408157705384763370e-01
3.427846751908061318e-01
3.447520752189253135e-01
3.467179619870929819e-01
3.486823268662393449e-01
3.506451612339349655e-01
3.526064564744886831e-01
3.545662039789675979e-01
3.565243951452226612e-01
3.584810213779421328e-01
3.604360740886767833e-01
3.623895446958885769e-01
3.643414246249751520e-01
3.662917053083404317e-01
3.682403781853895164e-01
3.701874347025983503e-01
3.721328663135156645e-01
3.740766644788403594e-01
3.760188206664262789e-01
3.779593263513429391e-01
3.798981730159232129e-01
3.818353521497492853e-01
3.837708552497346437e-01
3.857046738201680425e-01
3.876367993727023453e-01
3.895672234264483391e-01
3.914959375079677395e-01
3.934229331513401928e-01
3.953482018981736568e-01
3.972717352976658511e-01
3.991935249066311253e-01
4.011135622895425357e-01
4.030318390185584909e-01
4.049483466735536163e-01
4.068630768421981347e-01
4.087760211199411020e-01
4.106871711100613109e-01
4.125965184237470607e-01
4.145040546800686787e-01
4.164097715060691152e-01
4.183136605367582250e-01
4.202157134151741635e-01
4.221159217924257412e-01
4.240142773277074673e-01
4.259107716883510086e-01
4.278053965498486155e-01
4.296981435959121853e-01
4.315890045184869739e-01
4.334779710177938394e-01
4.353650348023854200e-01
4.372501875891433576e-01
4.391334211033593449e-01
4.410147270787264651e-01
4.428940972574343382e-01
4.447715233901483045e-01
4.466469972360374019e-01
4.485205105628837785e-01
4.503920551470715905e-01
4.522616227735917760e-01
4.541292052361458609e-01
4.559947943371426282e-01
4.578583818877306477e-01
4.597199597078711064e-01
4.615795196263065003e-01
4.634370534806671604e-01
4.652925531174426088e-01
4.671460103920936358e-01
4.689974171690290405e-01
4.708467653216487081e-01
4.726940467324015072e-01
4.745392532928065510e-01
4.763823769034882250e-01
4.782234094741894537e-01
4.800623429238840556e-01
4.818991691807159028e-01
4.837338801820892376e-01
4.855664678746947072e-01
4.873969242145458902e-01
4.892252411670177104e-01
4.910514107068641998e-01
4.928754248182606879e-01
4.946972754948628093e-01
4.965169547398101124e-01
4.983344545657745206e-01
5.001497669949875879e-01
5.019628840593021168e-01
5.037737978001950445e-01
5.055825002687980296e-01
5.073889835259791647e-01
5.091932396423227702e-01
5.109952606982188783e-01
5.127950387838442481e-01
5.145925659992085510e-01
5.163878344542285337e-01
5.181808362687303493e-01
5.199715635724775353e-01
5.217600085052296333e-01
5.235461632167586199e-01
5.253300198668954257e-01
5.271115706255474764e-01
5.288908076727371066e-01
5.306677231986761667e-01
5.324423094037347148e-01
5.342145584985169560e-01
5.359844627038851117e-01
5.377520142510099355e-01
5.395172053813593882e-01
5.412800283467753548e-01
5.430404754094987352e-01
5.447985388422004194e-01
5.465542109280060457e-01
5.483074839605434070e-01
5.500583502439653216e-01
5.518068020930112505e-01
5.535528318329676623e-01
5.552964317998111410e-01
5.570375943401604246e-01
5.587763118113139305e-01
5.605125765813251393e-01
5.622463810290104780e-01
5.639777175439694146e-01
5.657065785266720548e-01
5.674329563884147332e-01
5.691568435514042790e-01
5.708782324487837734e-01
5.725971155246846189e-01
5.743134852341992280e-01
5.760273340434776124e-01
5.777386544297066218e-01
5.794474388812094201e-01
5.811536798974175078e-01
5.828573699889212367e-01
5.845585016775215470e-01
5.862570674962520600e-01
5.879530599893978415e-01
5.896464717125481370e-01
5.913372952326173548e-01
5.930255231278772632e-01
5.947111479879813034e-01
5.963941624140413067e-01
5.980745590185954086e-01
5.997523304256987542e-01
6.014274692709121739e-01
6.030999682013336027e-01
6.047698198757079924e-01
6.064370169643383823e-01
6.081015521492330045e-01
6.097634181240193518e-01
6.114226075940999428e-01
6.130791132765903706e-01
6.147329279004065672e-01
6.163840442062687996e-01
6.180324549467468565e-01
6.196781528862881361e-01
6.213211308012178691e-01
6.229613814798402593e-01
6.245988977224089522e-01
6.262336723411946471e-01
6.278656981604888720e-01
6.294949680166442851e-01
6.311214747581289641e-01
6.327452112455349553e-01
6.343661703515953709e-01
6.359843449612530009e-01
6.375997279716603128e-01
6.392123122922405143e-01
6.408220908446906616e-01
6.424290565630214056e-01
6.440332023936043981e-01
6.456345212951637436e-01
6.472330062388660377e-01
6.488286502082741825e-01
6.504214461994556329e-01
6.520113872209610806e-01
6.535984662938804091e-01
6.551826764518751123e-01
6.567640107411736317e-01
6.583424622206586196e-01
6.599180239618565036e-01
6.614906890489445912e-01
6.630604505788592062e-01
6.646273016612711526e-01
6.661912354186209084e-01
6.677522449861502674e-01
6.693103235119406413e-01
6.708654641569331556e-01
6.724176600949784977e-01
6.739669045128444669e-01
6.755131906102380679e-01
6.770565115998791184e-01
6.785968607075094639e-01
6.801342311718653333e-01
6.816686162448138964e-01
6.832000091912869832e-01
6.847284032893840022e-01
6.862537918303354134e-01
6.877761681185696752e-01
6.892955254717579860e-01
6.908118572208067354e-01
6.923251567099095727e-01
6.938354172965607303e-01
6.953426323515994323e-01
6.968467952592539705e-01
6.983478994171022913e-01
6.998459382361845726e-01
7.013409051409931205e-01
7.028327935694775874e-01
7.043215969731370096e-01
7.058073088170062626e-01
7.072899225796599465e-01
7.087694317532943211e-01
7.102458298437264173e-01
7.117191103704536559e-01
7.131892668666144353e-01
7.146562928790796132e-01
7.161201819684714920e-01
7.175809277091723670e-01
7.190385236893643839e-01
7.204929635110601804e-01
7.219442407901152103e-01
7.233923491562622710e-01
7.248372822531653492e-01
7.262790337383974171e-01
7.277175972835304707e-01
7.291529665741061095e-01
7.305851353096955991e-01
7.320140972038982063e-01
7.334398459844362339e-01
7.348623753930820790e-01
7.362816791857861309e-01
7.376977511326150427e-01
7.391105850178515402e-01
7.405201746399802110e-01
7.419265138117185909e-01
7.433295963600677903e-01
7.447294161263123824e-01
7.461259669660661453e-01
7.475192427492872715e-01
7.489092373603133401e-01
7.502959446978765268e-01
7.516793586751424616e-01
7.530594732197273267e-01
7.544362822737465946e-01
7.558097797938083673e-01
7.571799597510645574e-01
7.585468161312245439e-01
7.599103429345946958e-01
7.612705341760822586e-01
7.626273838852521969e-01
7.639808861063124290e-01
7.653310348981852140e-01
7.666778243345128141e-01
7.680212485036803649e-01
7.693613015088429652e-01
7.706979774679334483e-01
7.720312705137475362e-01
7.733611747938867742e-01
7.746876844708712184e-01
7.760107937220920293e-01
7.773304967398698695e-01
7.786467877314859898e-01
7.799596609191776775e-01
7.812691105402237435e-01
7.825751308468846812e-01
7.838777161065121346e-01
7.851768606015104845e-01
7.864725586294024628e-01
7.877648045028141643e-01
7.890535925495525404e-01
7.903389171126056212e-01
7.916207725501170911e-01
7.928991532355208482e-01
7.941740535574677295e-01
7.954454679198851297e-01
7.967133907420097527e-01
7.979778164584024891e-01
7.992387395189680666e-01
8.004961543890075637e-01
8.017500555491933190e-01
8.030004374956404289e-01
8.042472947398974226e-01
8.054906218089827874e-01
8.067304132454309329e-01
8.079666636072804220e-01
8.091993674681141613e-01
8.104285194170766093e-01
8.116541140589246250e-01
8.128761460140029316e-01
8.140946099183163920e-01
8.153095004235013654e-01
8.165208121969201871e-01
8.177285399216075445e-01
8.189326782963605167e-01
8.201332220357012703e-01
8.213301658699483365e-01
8.225235045452218285e-01
8.237132328234726408e-01
8.248993454824784521e-01
8.260818373158843597e-01
8.272607031332614991e-01
8.284359377600831742e-01
8.296075360377431762e-01
8.307754928236217307e-01
8.319398029910655135e-01
8.331004614294259536e-01
8.342574630441098593e-01
8.354108027565458894e-01
8.365604755042475027e-01
8.377064762408243936e-01
8.388487999360144665e-01
8.399874415756605206e-01
8.411223961618122802e-01
8.422536587126765451e-01
8.433812242626715916e-01
8.445050878624449364e-01
8.456252445788929872e-01
8.467416894951899087e-01
8.478544177107864011e-01
8.489634243414506676e-01
8.500687045193070501e-01
8.511702533928144909e-01
8.522680661268190461e-01
8.533621379025577713e-01
8.544524639177177860e-01
8.555390393863888665e-01
8.566218595391379420e-01
8.577009196230150900e-01
8.587762149015863988e-01
8.598477406549228652e-01
8.609154921796799975e-01
8.619794647890300920e-01
8.630396538127736994e-01
8.640960545972846685e-01
8.651486625055806456e-01
8.661974729173357312e-01
8.672424812288898055e-01
8.682836828532622953e-01
8.693210732201864799e-01
8.703546477761351374e-01
8.713844019843024480e-01
8.724103313246747149e-01
8.734324312940364710e-01
8.744506974059510496e-01
8.754651251908294185e-01
8.764757101959373964e-01
8.774824479853940984e-01
8.784853341401980265e-01
8.794843642582764742e-01
8.804795339544589927e-01
8.814708388605466682e-01
8.824582746252890297e-01
8.834418369144143579e-01
8.844215214106603273e-01
8.853973238137964330e-01
8.863692398406012307e-01
8.873372652249412740e-01
8.883013957177724462e-01
8.892616270870986606e-01
8.902179551180766648e-01
8.911703756129826237e-01
8.921188843912492006e-01
8.930634772894560092e-01
8.940041501614248709e-01
8.949408988781406560e-01
8.958737193278244471e-01
8.968026074159406447e-01
8.977275590652206150e-01
8.986485702156532529e-01
8.995656368245475987e-01
9.004787548665109664e-01
9.013879203334971280e-01
9.022931292348052024e-01
9.031943775970883159e-01
9.040916614643893512e-01
9.049849768981758080e-01
9.058743199772978372e-01
9.067596867980666220e-01
9.076410734742408337e-01
9.085184761370372897e-01
9.093918909351842439e-01
9.102613140349009591e-01
9.111267416199242408e-01
9.119881698915233148e-01
9.128455950685516740e-01
9.136990133874060005e-01
9.145484211020796783e-01
9.153938144841621272e-01
9.162351898228792146e-01
9.170725434250824870e-01
9.179058716152879160e-01
9.187351707356590236e-01
9.195604371460611715e-01
9.203816672240697772e-01
9.211988573649523282e-01
9.220120039817290003e-01
9.228211035051520073e-01
9.236261523837502319e-01
9.244271470838346660e-01
9.252240840895051832e-01
9.260169599026701892e-01
9.268057710430822604e-01
9.275905140483128308e-01
9.283711854737942692e-01
9.291477818928582932e-01
9.299202998966707989e-01
9.306887360943455478e-01
9.314530871128866574e-01
9.322133495972567685e-01
9.329695202103416296e-01
9.337215956329960598e-01
9.344695725640405071e-01
9.352134477202933560e-01
9.359532178365901345e-01
9.366888796657523164e-01
9.374204299786776939e-01
9.381478655642689901e-01
9.388711832295345561e-01
9.395903797995076578e-01
9.403054521173460634e-01
9.410163970443029546e-01
9.417232114597442472e-01
9.424258922611771228e-01
9.431244363642217188e-01
9.438188407026976146e-01
9.445091022285736493e-01
9.451952179120007846e-01
9.458771847413253164e-01
9.465549997231152979e-01
9.472286598821655357e-01
9.478981622615090252e-01
9.485635039224042941e-01
9.492246819443959094e-01
9.498816934253005995e-01
9.505345354812283487e-01
9.511832052465802878e-01
9.518276998740747841e-01
9.524680165347593208e-01
9.531041524180133839e-01
9.537361047315818796e-01
9.543638707015672518e-01
9.549874475724229317e-01
9.556068326070268348e-01
9.562220230866320669e-01
9.568330163109267650e-01
9.574398095979955725e-01
9.580424002843779263e-01
9.586407857250434095e-01
9.592349632934343839e-01
9.598249303814559985e-01
9.604106843995099396e-01
9.609922227764656766e-01
9.615695429597287403e-01
9.621426424151837686e-01
9.627115186272615643e-01
9.632761690989311010e-01
9.638365913516990791e-01
9.643927829256593309e-01
9.649447413794404182e-01
9.654924642902720233e-01
9.660359492539632997e-01
9.665751938849521663e-01
9.671101958162482415e-01
9.676409526995255472e-01
9.681674622050476797e-01
9.686897220217784987e-01
9.692077298572766564e-01
9.697214834377975157e-01
9.702309805082692806e-01
9.707362188322894436e-01
9.712371961921479890e-01
9.717339103888757990e-01
9.722263592421659384e-01
9.727145405904679132e-01
9.731984522909437052e-01
9.736780922195066301e-01
9.741534582708148982e-01
9.746245483582860469e-01
9.750913604141233648e-01
9.755538923892957959e-01
9.760121422535557034e-01
9.764661079954353173e-01
9.769157876223091286e-01
9.773611791603420418e-01
9.778022806545204615e-01
9.782390901686762730e-01
9.786716057854722983e-01
9.790998256064089578e-01
9.795237477518524694e-01
9.799433703610374025e-01
9.803586915920730060e-01
9.807697096219170074e-01
9.811764226464736449e-01
9.815788288804890849e-01
9.819769265576441253e-01
9.823707139305161151e-01
9.827601892706204767e-01
9.831453508683645204e-01
9.835261970331397041e-01
9.839027260932398100e-01
9.842749363959317765e-01
9.846428263074208376e-01
9.850063942128878258e-01
9.853656385164892839e-01
9.857205576413422543e-01
9.860711500295639143e-01
9.864174141422589193e-01
9.867593484595352793e-01
9.870969514804913691e-01
9.874302217232585610e-01
9.877591577249671406e-01
9.880837580417928256e-01
9.884040212489125787e-01
9.887199459405652258e-01
9.890315307300308056e-01
9.893387742496285719e-01
9.896416751507460807e-01
9.899402321038061059e-01
9.902344437983400249e-01
9.905243089429341952e-01
9.908098262652298427e-01
9.910909945119782405e-01
9.913678124490273857e-01
9.916402788613053465e-01
9.919083925528362489e-01
9.921721523467499360e-01
9.924315570853193824e-01
9.926866056298919716e-01
9.929372968609601058e-01
9.931836296781363371e-01
9.934256030001608062e-01
9.936632157649136765e-01
9.938964669294108045e-01
9.941253554698240569e-01
9.943498803814486697e-01
9.945700406787666426e-01
9.947858353954082133e-01
9.949972635841446422e-01
9.952043243169305109e-01
9.954070166849009471e-01
9.956053397983513076e-01
9.957992927867682642e-01
9.959888747988032698e-01
9.961740850023066418e-01
9.963549225843069124e-01
9.965313867510341428e-01
9.967034767279100427e-01
9.968711917595645122e-01
9.970345311098295360e-01
9.971934940617392940e-01
9.973480799175398204e-01
9.974982879986891149e-01
9.976441176458631377e-01
9.977855682189592512e-01
9.979226390970789007e-01
9.980553296785648065e-01
9.981836393809963015e-01
9.983075676411551358e-01
9.984271139150650010e-01
9.985422776780024101e-01
9.986530584244588393e-01
9.987594556681712588e-01
9.988614689421168036e-01
9.989590977985137732e-01
9.990523418088441687e-01
9.991412005638116156e-01
9.992256736733713396e-01
9.993057607667373832e-01
9.993814614923808293e-01
9.994527755180205864e-01
9.995197025306271632e-01
9.995822422364195603e-01
9.996403943608942466e-01
9.996941586488067299e-01
9.997435348641374731e-01
9.997885227901820437e-01
9.998291222294686253e-01
9.998653330037641229e-01
9.998971549541434412e-01
9.999245879409333071e-01
9.999476318437064970e-01
9.999662865613115903e-01
9.999805520118709712e-01
9.999904281327588462e-01
9.999959148806408793e-01
9.999970122314291165e-01
9.999937201802948650e-01
9.999860387417026653e-01
9.999739679493632183e-01
9.999575078562620289e-01
9.999366585346355363e-01
9.999114200760068627e-01
9.998817925911637206e-01
9.998477762101566357e-01
9.998093710822921754e-01
9.997665773761489350e-01
9.997193952795671024e-01
9.996678249996469034e-01
9.996118667627571508e-01
9.995515208145057118e-01
9.994867874197871371e-01
9.994176668627491322e-01
9.993441594467792344e-01
9.992662654945313472e-01
9.991839853479187461e-01
9.990973193681009779e-01
9.990062679354999586e-01
9.989108314497724406e-01
9.988110103298192266e-01
9.987068050138214748e-01
9.985982159591535456e-01
9.984852436424788147e-01
9.983678885596635189e-01
9.982461512258348213e-01
9.981200321753488369e-01
9.979895319617939631e-01
9.978546511579833300e-01
9.977153903559667913e-01
9.975717501670317011e-01
9.974237312216507334e-01
9.972713341695721434e-01
9.971145596796938682e-01
9.969534084401880936e-01
9.967878811584044429e-01
9.966179785609166064e-01
9.964437013934948073e-01
9.962650504211063573e-01
9.960820264279446334e-01
9.958946302173606879e-01
9.957028626119253101e-01
9.955067244533749582e-01
9.953062166026379609e-01
9.951013399398390691e-01
9.948920953642629295e-01
9.946784837943553059e-01
9.944605061677829205e-01
9.942381634413133273e-01
9.940114565909130562e-01
9.937803866116738938e-01
9.935449545178809405e-01
9.933051613429209059e-01
9.930610081393628219e-01
9.928124959788848791e-01
9.925596259523169484e-01
9.923023991696048318e-01
9.920408167598440130e-01
9.917748798711956137e-01
9.915045896709924200e-01
9.912299473456405163e-01
9.909509541006665811e-01
9.906676111606745883e-01
9.903799197693898826e-01
9.900878811895870157e-01
9.897914967031732347e-01
9.894907676110759054e-01
9.891856952333365482e-01
9.888762809090402284e-01
9.885625259963468636e-01
9.882444318724316057e-01
9.879219999335531188e-01
9.875952315950039528e-01
9.872641282910973315e-01
9.869286914751844719e-01
9.865889226196482564e-01
9.862448232158531614e-01
9.858963947742213074e-01
9.855436388241300971e-01
9.851865569139834911e-01
9.848251506111678211e-01
9.844594215020182615e-01
9.840893711918931031e-01
9.837150013050951491e-01
9.833363134848805975e-01
9.829533093934721411e-01
9.825659907120382064e-01
9.821743591406700835e-01
9.817784163984082380e-01
9.813781642232168867e-01
9.809736043719478049e-01
9.805647386204119353e-01
9.801515687632617047e-01
9.797340966141031560e-01
9.793123240053724921e-01
9.788862527884077958e-01
9.784558848334097281e-01
9.780212220294413061e-01
9.775822662844155797e-01
9.771390195251139499e-01
9.766914836971117841e-01
9.762396607648267111e-01
9.757835527115116259e-01
9.753231615391977360e-01
9.748584892687410797e-01
9.743895379397826684e-01
9.739163096107322781e-01
9.734388063587954276e-01
9.729570302799460668e-01
9.724709834888819460e-01
9.719806681190678033e-01
9.714860863226987275e-01
9.709872402707035999e-01
9.704841321527130082e-01
9.699767641770952187e-01
9.694651385708893399e-01
9.689492575798304141e-01
9.684291234683384264e-01
9.679047385194996522e-01
9.673761050350442314e-01
9.668432253353833605e-01
9.663061017595296898e-01
9.657647366651568310e-01
9.652191324285267493e-01
9.646692914445378353e-01
9.641152161266590692e-01
9.635569089069592197e-01
9.629943722360879699e-01
9.624276085832410566e-01
9.618566204361792549e-01
9.612814103012196076e-01
9.607019807031897951e-01
9.601183341854426789e-01
9.595304733098479755e-01
9.589384006567831520e-01
9.583421188250756950e-01
9.577416304320716112e-01
9.571369381135627075e-01
9.565280445237982487e-01
9.559149523354555367e-01
9.552976642396547868e-01
9.546761829459264881e-01
9.540505111822152884e-01
9.534206516948555699e-01
9.527866072485494664e-01
9.521483806263876248e-01
9.515059746298184518e-01
9.508593920786283515e-01
9.502086358109342878e-01
9.495537086831669082e-01
9.488946135700752071e-01
9.482313533647070969e-01
9.475639309783826514e-01
9.468923493407012115e-01
9.462166113995021943e-01
9.455367201209092798e-01
9.448526784892089525e-01
9.441644895069657428e-01
9.434721561949322988e-01
9.427756815920236289e-01
9.420750687553772762e-01
9.413703207602561740e-01
9.406614407001046008e-01
9.399484316864981093e-01
9.392312968491077774e-01
9.385100393357531656e-01
9.377846623123293757e-01
9.370551689628239256e-01
9.363215624892597955e-01
9.355838461117654825e-01
9.348420230684799659e-01
9.340960966155610334e-01
9.333460700272023791e-01
9.325919465955712084e-01
9.318337296308276674e-01
9.310714224611117418e-01
9.303050284324888564e-01
9.295345509090066072e-01
9.287599932725895124e-01
9.279813589230992976e-01
9.271986512782812717e-01
9.264118737737793152e-01
9.256210298630598299e-01
9.248261230174925629e-01
9.240271567262273722e-01
9.232241344962776042e-01
9.224170598524450426e-01
9.216059363373022562e-01
9.207907675112065871e-01
9.199715569522823877e-01
9.191483082563821627e-01
9.183210250370879013e-01
9.174897109256792138e-01
9.166543695711377726e-01
9.158150046401432043e-01
9.149716198169913772e-01
9.141242188036620142e-01
9.132728053197458618e-01
9.124173831024515735e-01
9.115579559065879467e-01
9.106945275045266186e-01
9.098271016862196081e-01
9.089556822591545737e-01
9.080802730483650276e-01
9.072008778963690512e-01
9.063175006632078201e-01
9.054301452264014172e-01
9.045388154808984282e-01
9.036435153391173536e-01
9.027442487309104147e-01
9.018410196035452353e-01
9.009338319216563251e-01
9.000226896672587351e-01
8.991075968397346241e-01
8.981885574558182705e-01
8.972655755495370089e-01
8.963386551722635209e-01
8.954078003926235763e-01
8.944730152965233438e-01
8.935343039871199711e-01
8.925916705848319088e-01
8.916451192272460968e-01
8.906946540691640379e-01
8.897402792825817031e-01
8.887819990566464545e-01
8.878198175976472761e-01
8.868537391289919025e-01
8.858837678912095948e-01
8.849099081418956292e-01
8.839321641557401632e-01
8.829505402244648415e-01
8.819650406568199097e-01
8.809756697785695589e-01
8.799824319324676125e-01
8.789853314782504201e-01
8.779843727926017749e-01
8.769795602691576875e-01
8.759708983184518738e-01
8.749583913679215286e-01
8.739420438618824560e-01
8.729218602614917666e-01
8.718978450447689710e-01
8.708700027065535698e-01
8.698383377584475440e-01
8.688028547288648706e-01
8.677635581629785655e-01
8.667204526226872652e-01
8.656735426866172256e-01
8.646228329500866838e-01
8.635683280251099658e-01
8.625100325403242119e-01
8.614479511410428891e-01
8.603820884891774101e-01
8.593124492632323586e-01
8.582390381583132610e-01
8.571618598860613059e-01
8.560809191746555635e-01
8.549962207688012183e-01
8.539077694296871579e-01
8.528155699349805330e-01
8.517196270787871226e-01
8.506199456716588836e-01
8.495165305405590894e-01
8.484093865288286906e-01
8.472985184961892013e-01
8.461839313187040634e-01
8.450656298887510021e-01
8.439436191150220257e-01
8.428179039224832358e-01
8.416884892523723849e-01
8.405553800621570204e-01
8.394185813255249373e-01
8.382780980323458753e-01
8.371339351886945002e-01
8.359860978167619194e-01
8.348345909548856580e-01
8.336794196575080251e-01
8.325205889951686755e-01
8.313581040544339995e-01
8.301919699379567419e-01
8.290221917643544325e-01
8.278487746682777759e-01
8.266717238003509216e-01
8.254910443271427090e-01
8.243067414311290309e-01
8.231188203107316914e-01
8.219272861801977248e-01
8.207321442696905445e-01
8.195333998251680407e-01
8.183310581084271007e-01
8.171251243970327760e-01
8.159156039843348251e-01
8.147025021794356281e-01
8.134858243071179107e-01
8.122655757079032535e-01
8.110417617379567234e-01
8.098143877691198478e-01
8.085834591888363398e-01
8.073489814001537646e-01
8.061109598217235384e-01
8.048693998877346489e-01
8.036243070479177630e-01
8.023756867674739501e-01
8.011235445271347455e-01
7.998678858230692246e-01
7.986087161668877776e-01
7.973460410855889302e-01
7.960798661215977567e-01
7.948101968326851674e-01
7.935370387919530311e-01
7.922603975878087512e-01
7.909802788239700400e-01
7.896966881194144028e-01
7.884096311083474973e-01
7.871191134401992473e-01
7.858251407795860954e-01
7.845277188062842466e-01
7.832268532152091289e-01
7.819225497164241645e-01
7.806148140350469555e-01
7.793036519112733762e-01
7.779890691003306102e-01
7.766710713724738202e-01
7.753496645129471787e-01
7.740248543219545585e-01
7.726966466146231172e-01
7.713650472210297204e-01
7.700300619860973583e-01
7.686916967696512115e-01
7.673499574463098494e-01
7.660048499055267524e-01
7.646563800515548959e-01
7.633045538033742528e-01
7.619493770947181055e-01
7.605908558740023251e-01
7.592289961043540147e-01
7.578638037635566649e-01
7.564952848439775446e-01
7.551234453526217694e-01
7.537482913110663540e-01
7.523698287554381192e-01
7.509880637363746114e-01
7.496030023190247693e-01
7.482146505829766481e-01
7.468230146222939458e-01
7.454281005454495013e-01
7.440299144752989813e-01
7.426284625490469082e-01
7.412237509182666440e-01
7.398157857488210087e-01
7.384045732208406321e-01
7.369901195287399398e-01
7.355724308811252277e-01
7.341515135008260806e-01
7.327273736248407499e-01
7.313000175043059548e-01
7.298694514044827830e-01
7.284356816047200534e-01
7.269987143984297795e-01
7.255585560930583044e-01
7.241152130100595441e-01
7.226686914848556853e-01
7.212189978668374080e-01
7.197661385193184769e-01
7.183101198194979942e-01
7.168509481584314225e-01
7.153886299410425753e-01
7.139231715860475669e-01
7.124545795259553671e-01
7.109828602070196180e-01
7.095080200892334155e-01
7.080300656462721332e-01
7.065490033655068558e-01
7.050648397479248874e-01
7.035775813081416308e-01
7.020872345743401910e-01
7.005938060882888063e-01
6.990973024052473672e-01
6.975977300940036097e-01
6.960950957367955105e-01
6.945894059293208356e-01
6.930806672806760771e-01
6.915688864133284763e-01
6.900540699631148023e-01
6.885362245791905034e-01
6.870153569240087243e-01
6.854914736732974356e-01
6.839645815160073639e-01
6.824346871543023330e-01
6.809017973035291771e-01
6.793659186921789939e-01
6.778270580618473984e-01
6.762852221672335240e-01
6.747404177761132660e-01
6.731926516692445794e-01
6.716419306404515233e-01
6.700882614964630557e-01
6.685316510569964121e-01
6.669721061546584062e-01
6.654096336349262231e-01
6.638442403561457539e-01
6.622759331894776391e-01
6.607047190188874985e-01
6.591306047410632196e-01
6.575535972654605876e-01
6.559737035142118033e-01
6.543909304221318113e-01
6.528052849366561272e-01
6.512167740178608222e-01
6.496254046383783676e-01
6.480311837833740984e-01
6.464341184505451032e-01
6.448342156500921352e-01
6.432314824046332369e-01
6.416259257492507029e-01
6.400175527313824997e-01
6.384063704108503545e-01
6.367923858597962505e-01
6.351756061626737671e-01
6.335560384161983416e-01
6.319336897293209576e-01
6.303085672232093817e-01
6.286806780312023113e-01
6.270500292987766233e-01
6.254166281835289443e-01
6.237804818551310193e-01
6.221415974953039552e-01
6.204999822978144453e-01
6.188556434683868401e-01
6.172085882246771682e-01
6.155588237963155462e-01
6.139063574248050381e-01
6.122511963634906795e-01
6.105933478775830148e-01
6.089328192440592868e-01
6.072696177516643257e-01
6.056037507008892318e-01
6.039352254039150880e-01
6.022640491845687727e-01
6.005902293783627055e-01
5.989137733323729451e-01
5.972346884052690541e-01
5.955529819672431557e-01
5.938686614000073805e-01
5.921817340967491239e-01
5.904922074620951866e-01
5.888000889120661441e-01
5.871053858740729048e-01
5.854081057868746329e-01
5.837082561005408898e-01
5.820058442764121098e-01
5.803008777870904966e-01
5.785933641163629737e-01
5.768833107592313825e-01
5.751707252218235533e-01
5.734556150213925285e-01
5.717379876862692667e-01
5.700178507558220087e-01
5.682952117804522807e-01
5.665700783215443792e-01
5.648424579514125243e-01
5.631123582533148486e-01
5.613797868213641351e-01
5.596447512605329244e-01
5.579072591866437447e-01
5.561673182262361070e-01
5.544249360166398910e-01
5.526801202058941875e-01
5.509328784527165457e-01
5.491832184264872074e-01
5.474311478071844927e-01
5.456766742853711438e-01
5.439198055621690120e-01
5.421605493491936656e-01
5.403989133685486168e-01
5.386349053527944575e-01
5.368685330449090021e-01
5.350998041982081288e-01
5.333287265763745344e-01
5.315553079534131031e-01
5.297795561135909548e-01
5.280014788514348911e-01
5.262210839716544575e-01
5.244383792891271767e-01
5.226533726289028792e-01
5.208660718261153288e-01
5.190764847259509152e-01
5.172846191836699692e-01
5.154904830645115066e-01
5.136940842436767962e-01
5.118954306063117077e-01
5.100945300474504229e-01
5.082913904719833509e-01
5.064860197946542408e-01
5.046784259399746952e-01
5.028686168422216163e-01
5.010566004454081179e-01
4.992423847032183559e-01
4.974259775790002003e-01
4.956073870457222141e-01
4.937866210859452321e-01
4.919636876917435897e-01
4.901385948647427604e-01
4.883113506160114414e-01
4.864819629661088496e-01
4.846504399449639844e-01
4.828167895919063812e-01
4.809810199555568100e-01
4.791431390938967749e-01
4.773031550741461126e-01
4.754610759727504465e-01
4.736169098753575391e-01
4.717706648767759914e-01
4.699223490809572024e-01
4.680719706009171532e-01
4.662195375587310786e-01
4.643650580855084309e-01
4.625085403213122781e-01
4.606499924151746805e-01
4.587894225250471192e-01
4.569268388177319951e-01
4.550622494688743580e-01
4.531956626629345952e-01
4.513270865931505726e-01
4.494565294614698003e-01
4.475839994785404952e-01
4.457095048636842138e-01
4.438330538448236884e-01
4.419546546584903757e-01
4.400743155497443548e-01
4.381920447721828760e-01
4.363078505878769109e-01
4.344217412673372358e-01
4.325337250894705221e-01
4.306438103415813901e-01
4.287520053192732106e-01
4.268583183264688663e-01
4.249627576753493563e-01
4.230653316863108859e-01
4.211660486879501009e-01
4.192649170170097972e-01
4.173619450183331248e-01
4.154571410448570368e-01
4.135505134575637731e-01
4.116420706254375617e-01
4.097318209254097177e-01
4.078197727423821806e-01
4.059059344691219873e-01
4.039903145062432865e-01
4.020729212622068949e-01
4.001537631532565698e-01
3.982328486033568926e-01
3.963101860442004853e-01
3.943857839151576061e-01
3.924596506632218040e-01
3.905317947430065328e-01
3.886022246166568328e-01
3.866709487538615431e-01
3.847379756317930166e-01
3.828033137350724258e-01
3.808669715557338464e-01
3.789289575931976128e-01
3.769892803541959880e-01
3.750479483527678348e-01
3.731049701102452931e-01
3.711603541551639629e-01
3.692141090232377021e-01
3.672662432573544078e-01
3.653167654075048509e-01
3.633656840307527003e-01
3.614130076912064338e-01
3.594587449599834783e-01
3.575029044151349367e-01
3.555454946416665152e-01
3.535865242314549239e-01
3.516260017832467111e-01
3.496639359025817684e-01
3.477003352017719040e-01
3.457352082998910170e-01
3.437685638226943841e-01
3.418004104025952894e-01
3.398307566786443190e-01
3.378596112964618037e-01
3.358869829082182235e-01
3.339128801725915197e-01
3.319373117547622654e-01
3.299602863263096930e-01
3.279818125652108063e-01
3.260018991558183421e-01
3.240205547887850535e-01
3.220377881610702042e-01
3.200536079758324881e-01
3.180680229424835415e-01
3.160810417765735347e-01
3.140926731997826793e-01
3.121029259399037969e-01
3.101118087307433990e-01
3.081193303121554372e-01
3.061254994299504317e-01
3.041303248358722677e-01
3.021338152875700511e-01
3.001359795485596949e-01
2.981368263881717939e-01
2.961363645815193735e-01
2.941346029094595305e-01
2.921315501585449170e-01
2.901272151210151362e-01
2.881216065947274640e-01
2.861147333831308148e-01
2.841066042952298809e-01
2.820972281455330632e-01
2.800866137540176104e-01
2.780747699461039724e-01
2.760617055526333741e-01
2.740474294097531294e-01
2.720319503589624932e-01
2.700152772470389984e-01
2.679974189259926587e-01
2.659783842530569209e-01
2.639581820906056753e-01
2.619368213061413764e-01
2.599143107722519663e-01
2.578906593665891145e-01
2.558658759717907794e-01
2.538399694754679969e-01
2.518129487701673552e-01
2.497848227533214227e-01
2.477556003272239071e-01
2.457252903989707860e-01
2.436939018804321899e-01
2.416614436882176808e-01
2.396279247436240989e-01
2.375933539726195753e-01
2.355577403057826369e-01
2.335210926782564089e-01
2.314834200297399835e-01
2.294447313044223891e-01
2.274050354509483118e-01
2.253643414223955588e-01
2.233226581762098317e-01
2.212799946742004253e-01
2.192363598824494941e-01
2.171917627713301768e-01
2.151462123154208594e-01
2.130997174934960159e-01
2.110522872884570134e-01
2.090039306873451019e-01
2.069546566812456301e-01
2.049044742652609274e-01
2.028533924385058085e-01
2.008014202040090679e-01
1.987485665687467873e-01
1.966948405435354486e-01
1.946402511430445348e-01
1.925848073857013010e-01
1.905285182937099808e-01
1.884713928929758475e-01
1.864134402130666612e-01
1.843546692872180814e-01
1.822950891522073791e-01
1.802347088483911564e-01
1.781735374196377897e-01
1.761115839132796901e-01
1.740488573800910155e-01
1.719853668742318820e-01
1.699211214532226899e-01
1.678561301778869752e-01
1.657904021123272897e-01
1.637239463238793769e-01
1.616567718830833889e-01
1.595888878636301522e-01
1.575203033423092369e-01
1.554510273989970770e-01
1.533810691166181683e-01
1.513104375810609969e-01
1.492391418811932213e-01
1.471671911088015539e-01
1.450945943585205677e-01
1.430213607278483512e-01
1.409474993170731771e-01
1.388730192292182697e-01
1.367979295700484932e-01
1.347222394479935526e-01
1.326459579741083306e-01
1.305690942620616191e-01
1.284916574280719204e-01
1.264136565908782761e-01
1.243351008716829936e-01
1.222559993941192275e-01
1.201763612842391832e-01
1.180961956704301846e-01
1.160155116834028360e-01
1.139343184561458500e-01
1.118526251238782382e-01
1.097704408240277318e-01
1.076877746961499571e-01
1.056046358819273112e-01
1.035210335251438712e-01
1.014369767715692511e-01
9.935247476900591068e-02
9.726753666719697988e-02
9.518217161779225777e-02
9.309638877433139281e-02
9.101019729218694232e-02
8.892360632852082392e-02
8.683662504223702006e-02
8.474926259397248807e-02
8.266152814601233911e-02
8.057343086229225293e-02
7.848497990835200111e-02
7.639618445126204749e-02
7.430705365960857400e-02
7.221759670346282467e-02
7.012782275430765044e-02
6.803774098503737044e-02
6.594736056987562933e-02
6.385669068438772078e-02
6.176574050538611443e-02
5.967451921090451833e-02
5.758303598019096081e-02
5.549129999363400928e-02
5.339932043273706852e-02
5.130710648006376468e-02
4.921466731920166870e-02
4.712201213473733719e-02
4.502915011220670616e-02
4.293609043804074571e-02
4.084284229956165052e-02
3.874941488490028091e-02
3.665581738296656150e-02
3.456205898344945349e-02
3.246814887670547434e-02
3.037409625377852571e-02
2.827991030633496619e-02
2.618560022662257125e-02
2.409117520745702318e-02
2.199664444211807054e-02
1.990201712436869344e-02
1.780730244841213089e-02
1.571250960883072145e-02
1.361764780050800025e-02
1.152272621868048741e-02
9.427754058817811728e-03
7.332740516628868943e-03
5.237694788020191838e-03
3.142626068976716626e-03
1.047543555641625764e-03
-1.047543555791188852e-03
-3.142626069121104600e-03
-5.237694788167763897e-03
-7.332740516789435815e-03
-9.427754058969410947e-03
-1.152272621882643663e-02
-1.361764780064989022e-02
-1.571250960897377369e-02
-1.780730244856917541e-02
-1.990201712452110278e-02
-2.199664444225972459e-02
-2.409117520759831640e-02
-2.618560022677387730e-02
-2.827991030648379506e-02
-3.037409625392587312e-02
-3.246814887685234990e-02
-3.456205898360144302e-02
-3.665581738313182514e-02
-3.874941488506480902e-02
-4.084284229973252078e-02
-4.293609043820710569e-02
-4.502915011236297699e-02
-4.712201213489108920e-02
-4.921466731934597688e-02
-5.130710648020637976e-02
-5.339932043289267322e-02
-5.549129999378898948e-02
-5.758303598034484466e-02
-5.967451921105938750e-02
-6.176574050553718803e-02
-6.385669068454058461e-02
-6.594736057002520413e-02
-6.803774098518515501e-02
-7.012782275445698932e-02
-7.221759670361363459e-02
-7.430705365975365240e-02
-7.639618445140591851e-02
-7.848497990849617745e-02
-8.057343086243898278e-02
-8.266152814615228273e-02
-8.474926259410706098e-02
-8.683662504237116275e-02
-8.892360632864952652e-02
-9.101019729232112665e-02
-9.309638877446450855e-02
-9.518217161792125180e-02
-9.726753666731424719e-02
-9.935247476912378861e-02
-1.014369767716902376e-01
-1.035210335252646913e-01
-1.056046358820603853e-01
-1.076877746962822263e-01
-1.097704408241667318e-01
-1.118526251240331004e-01
-1.139343184563028494e-01
-1.160155116835574762e-01
-1.180961956705876420e-01
-1.201763612843982504e-01
-1.222559993942848311e-01
-1.243351008718537459e-01
-1.264136565910569943e-01
-1.284916574282516655e-01
-1.305690942622310391e-01
-1.326459579742731709e-01
-1.347222394481526198e-01
-1.367979295702074771e-01
-1.388730192293744503e-01
-1.409474993172228630e-01
-1.430213607280089450e-01
-1.450945943586793851e-01
-1.471671911089499907e-01
-1.492391418813391046e-01
-1.513104375811994695e-01
-1.533810691167559470e-01
-1.554510273991348834e-01
-1.575203033424509291e-01
-1.595888878637815866e-01
-1.616567718832347678e-01
-1.637239463240212911e-01
-1.657904021124652905e-01
-1.678561301780276127e-01
-1.699211214533630776e-01
-1.719853668743747677e-01
-1.740488573802348449e-01
-1.761115839134336503e-01
-1.781735374197914168e-01
-1.802347088485436177e-01
-1.822950891523553718e-01
-1.843546692873665183e-01
-1.864134402132266166e-01
-1.884713928931208704e-01
-1.905285182938634136e-01
-1.925848073858545673e-01
-1.946402511431893911e-01
-1.966948405436891867e-01
-1.987485665688985548e-01
-2.008014202041669694e-01
-2.028533924386638765e-01
-2.049044742654183848e-01
-2.069546566813947608e-01
-2.090039306874959535e-01
-2.110522872886078372e-01
-2.130997174936332117e-01
-2.151462123155546136e-01
-2.171917627714634036e-01
-2.192363598825738669e-01
-2.212799946743202184e-01
-2.233226581763277929e-01
-2.253643414225005304e-01
-2.274050354510566696e-01
-2.294447313045303027e-01
-2.314834200298523381e-01
-2.335210926783705676e-01
-2.355577403059019304e-01
-2.375933539727434485e-01
-2.396279247437409776e-01
-2.416614436883198214e-01
-2.436939018805335533e-01
-2.457252903990718995e-01
-2.477556003273245488e-01
-2.497848227534202603e-01
-2.518129487702639446e-01
-2.538399694755662517e-01
-2.558658759718936970e-01
-2.578906593666964175e-01
-2.599143107723616564e-01
-2.619368213062491235e-01
-2.639581820907114795e-01
-2.659783842531667220e-01
-2.679974189260975748e-01
-2.700152772471345886e-01
-2.720319503590630239e-01
-2.740474294098456665e-01
-2.760617055527259667e-01
-2.780747699462165490e-01
-2.800866137541229706e-01
-2.820972281456402553e-01
-2.841066042953487858e-01
-2.861147333832578243e-01
-2.881216065948464244e-01
-2.901272151211274908e-01
-2.921315501586482788e-01
-2.941346029095567305e-01
-2.961363645816314505e-01
-2.981368263882842040e-01
-3.001359795486731596e-01
-3.021338152876758554e-01
-3.041303248359807920e-01
-3.061254994300603993e-01
-3.081193303122689575e-01
-3.101118087308613047e-01
-3.121029259400192601e-01
-3.140926731999044708e-01
-3.160810417766906633e-01
-3.180680229426050554e-01
-3.200536079759507269e-01
-3.220377881611883875e-01
-3.240205547889110638e-01
-3.260018991559396340e-01
-3.279818125653294891e-01
-3.299602863264263775e-01
-3.319373117548881646e-01
-3.339128801727175855e-01
-3.358869829083345193e-01
-3.378596112965851495e-01
-3.398307566787779344e-01
-3.418004104027399515e-01
-3.437685638228424323e-01
-3.457352083000385101e-01
-3.477003352019205074e-01
-3.496639359027255423e-01
-3.516260017834006435e-01
-3.535865242316140744e-01
-3.555454946418202811e-01
-3.575029044152802649e-01
-3.594587449601330253e-01
-3.614130076913656953e-01
-3.633656840309170133e-01
-3.653167654076632243e-01
-3.672662432575136138e-01
-3.692141090234015155e-01
-3.711603541553242236e-01
-3.731049701104132144e-01
-3.750479483529227664e-01
-3.769892803543416493e-01
-3.789289575933424969e-01
-3.808669715558939961e-01
-3.828033137352232496e-01
-3.847379756319342925e-01
-3.866709487539938261e-01
-3.886022246167867844e-01
-3.905317947431307668e-01
-3.924596506633533100e-01
-3.943857839152739020e-01
-3.963101860443125068e-01
-3.982328486034693027e-01
-4.001537631533707562e-01
-4.020729212623274096e-01
-4.039903145063649115e-01
-4.059059344692486082e-01
-4.078197727425127983e-01
-4.097318209255449428e-01
-4.116420706255652373e-01
-4.135505134576912267e-01
-4.154571410449762192e-01
-4.173619450184410384e-01
-4.192649170171131590e-01
-4.211660486880642318e-01
-4.230653316864242397e-01
-4.249627576754606006e-01
-4.268583183265689529e-01
-4.287520053193732972e-01
-4.306438103416845298e-01
-4.325337250895732732e-01
-4.344217412674300505e-01
-4.363078505879760538e-01
-4.381920447722805756e-01
-4.400743155498360593e-01
-4.419546546585813029e-01
-4.438330538449263840e-01
-4.457095048637904067e-01
-4.475839994786472431e-01
-4.494565294615654460e-01
-4.513270865932481057e-01
-4.531956626630173623e-01
-4.550622494689455788e-01
-4.569268388178058804e-01
-4.587894225251165081e-01
-4.606499924152435699e-01
-4.625085403213785029e-01
-4.643650580855758214e-01
-4.662195375588020219e-01
-4.680719706009836001e-01
-4.699223490810351955e-01
-4.717706648768544286e-01
-4.736169098754323681e-01
-4.754610759728236657e-01
-4.773031550742157236e-01
-4.791431390939772661e-01
-4.809810199556314170e-01
-4.828167895919634467e-01
-4.846504399450377587e-01
-4.864819629661720768e-01
-4.883113506160748352e-01
-4.901385948648023239e-01
-4.919636876918195845e-01
-4.937866210860313854e-01
-4.956073870458250208e-01
-4.974259775790886851e-01
-4.992423847032996798e-01
-5.010566004454920508e-01
-5.028686168423061043e-01
-5.046784259400515227e-01
-5.064860197947276266e-01
-5.082913904720623988e-01
-5.100945300475223654e-01
-5.118954306063945303e-01
-5.136940842437717203e-01
-5.154904830646095393e-01
-5.172846191837783270e-01
-5.190764847260603831e-01
-5.208660718262252409e-01
-5.226533726290141235e-01
-5.244383792892406415e-01
-5.262210839717560429e-01
-5.280014788515474677e-01
-5.297795561137077502e-01
-5.315553079535277892e-01
-5.333287265764901086e-01
-5.350998041983138220e-01
-5.368685330450253534e-01
-5.386349053529206898e-01
-5.403989133686671886e-01
-5.421605493493014682e-01
-5.439198055622658234e-01
-5.456766742854721741e-01
-5.474311478072863002e-01
-5.491832184265844630e-01
-5.509328784528105816e-01
-5.526801202059814511e-01
-5.544249360167299301e-01
-5.561673182263313642e-01
-5.579072591867465514e-01
-5.596447512606437247e-01
-5.613797868214692732e-01
-5.631123582534095506e-01
-5.648424579515094468e-01
-5.665700783216374159e-01
-5.682952117805407655e-01
-5.700178507558992802e-01
-5.717379876863436516e-01
-5.734556150214608072e-01
-5.751707252218892785e-01
-5.768833107592986620e-01
-5.785933641164243690e-01
-5.803008777871528912e-01
-5.820058442764785012e-01
-5.837082561006026182e-01
-5.854081057869372495e-01
-5.871053858741426268e-01
-5.888000889121330905e-01
-5.904922074621820061e-01
-5.921817340968446031e-01
-5.938686614001027486e-01
-5.955529819673393011e-01
-5.972346884053699734e-01
-5.989137733324658708e-01
-6.005902293784483037e-01
-6.022640491846591448e-01
-6.039352254039958012e-01
-6.056037507009747189e-01
-6.072696177517552529e-01
-6.089328192441505472e-01
-6.105933478776734979e-01
-6.122511963635774990e-01
-6.139063574248779798e-01
-6.155588237963903753e-01
-6.172085882247486666e-01
-6.188556434684433505e-01
-6.204999822978857216e-01
-6.221415974953803385e-01
-6.237804818551985209e-01
-6.254166281835803476e-01
-6.270500292988199220e-01
-6.286806780312447218e-01
-6.303085672232524583e-01
-6.319336897293537092e-01
-6.335560384162176595e-01
-6.351756061627004124e-01
-6.367923858598297793e-01
-6.384063704108839943e-01
-6.400175527314225787e-01
-6.416259257492944457e-01
-6.432314824046808655e-01
-6.448342156501187805e-01
-6.464341184505850713e-01
-6.480311837834030753e-01
-6.496254046383943548e-01
-6.512167740178902431e-01
-6.528052849366878796e-01
-6.543909304221616763e-01
-6.559737035142451100e-01
-6.575535972655012218e-01
-6.591306047410984137e-01
-6.607047190189195840e-01
-6.622759331895242685e-01
-6.638442403561863880e-01
-6.654096336349494267e-01
-6.669721061546811658e-01
-6.685316510570221693e-01
-6.700882614964868145e-01
-6.716419306404733947e-01
-6.731926516692628981e-01
-6.747404177761144872e-01
-6.762852221672315256e-01
-6.778270580618276364e-01
-6.793659186921563453e-01
-6.809017973035068616e-01
-6.824346871542764648e-01
-6.839645815159796083e-01
-6.854914736732584668e-01
-6.870153569239573210e-01
-6.885362245791343261e-01
-6.900540699630607344e-01
-6.915688864132794045e-01
-6.930806672806346658e-01
-6.945894059292931910e-01
-6.960950957367801895e-01
-6.975977300939841808e-01
-6.990973024052310469e-01
-7.005938060882725971e-01
-7.020872345743258691e-01
-7.035775813081224239e-01
-7.050648397479079010e-01
-7.065490033654936441e-01
-7.080300656462658049e-01
-7.095080200892234235e-01
-7.109828602070141779e-01
-7.124545795259509262e-01
-7.139231715860446803e-01
-7.153886299410396887e-01
-7.168509481584380838e-01
-7.183101198194945525e-01
-7.197661385193312444e-01
-7.212189978668607226e-01
-7.226686914848758914e-01
-7.241152130100810824e-01
-7.255585560930871702e-01
-7.269987143984587563e-01
-7.284356816047520278e-01
-7.298694514045125370e-01
-7.313000175043351536e-01
-7.327273736248767211e-01
-7.341515135008618298e-01
-7.355724308811674161e-01
-7.369901195287804629e-01
-7.384045732208915913e-01
-7.398157857488714129e-01
-7.412237509183200457e-01
-7.426284625490997549e-01
-7.440299144753357297e-01
-7.454281005454892473e-01
-7.468230146223349131e-01
-7.482146505830176153e-01
-7.496030023190618508e-01
-7.509880637364209077e-01
-7.523698287554915209e-01
-7.537482913111304139e-01
-7.551234453526896040e-01
-7.564952848440462674e-01
-7.578638037636278302e-01
-7.592289961044481617e-01
-7.605908558740868131e-01
-7.619493770947958211e-01
-7.633045538034695099e-01
-7.646563800516498199e-01
-7.660048499056272275e-01
-7.673499574463957806e-01
-7.686916967697338121e-01
-7.700300619861907281e-01
-7.713650472211217579e-01
-7.726966466147174861e-01
-7.740248543220454858e-01
-7.753496645130377729e-01
-7.766710713725700765e-01
-7.779890691004193171e-01
-7.793036519113637484e-01
-7.806148140351353293e-01
-7.819225497165126493e-01
-7.832268532152985019e-01
-7.845277188063645157e-01
-7.858251407796692511e-01
-7.871191134402949485e-01
-7.884096311084479725e-01
-7.896966881195217614e-01
-7.909802788240793969e-01
-7.922603975879118909e-01
-7.935370387920452906e-01
-7.948101968327923039e-01
-7.960798661217025618e-01
-7.973460410856820779e-01
-7.986087161669737089e-01
-7.998678858231605959e-01
-8.011235445272233413e-01
-8.023756867675615467e-01
-8.036243070480116879e-01
-8.048693998878538869e-01
-8.061109598218494376e-01
-8.073489814002725584e-01
-8.085834591889364820e-01
-8.098143877692163262e-01
-8.110417617380543120e-01
-8.122655757079940697e-01
-8.134858243072091710e-01
-8.147025021795137878e-01
-8.159156039844224217e-01
-8.171251243971096034e-01
-8.183310581084994872e-01
-8.195333998252366525e-01
-8.207321442697582681e-01
-8.219272861802654484e-01
-8.231188203107927537e-01
-8.243067414311994190e-01
-8.254910443272115428e-01
-8.266717238004231971e-01
-8.278487746683504955e-01
-8.290221917644188254e-01
-8.301919699380224671e-01
-8.313581040545048317e-01
-8.325205889952363991e-01
-8.336794196575814109e-01
-8.348345909549517163e-01
-8.359860978168246470e-01
-8.371339351887572278e-01
-8.382780980324041620e-01
-8.394185813255722328e-01
-8.405553800622068694e-01
-8.416884892524141293e-01
-8.428179039225187630e-01
-8.439436191150505584e-01
-8.450656298887794238e-01
-8.461839313187413669e-01
-8.472985184962329441e-01
-8.484093865288769853e-01
-8.495165305406012779e-01
-8.506199456717137286e-01
-8.517196270788361945e-01
-8.528155699350254970e-01
-8.539077694297325660e-01
-8.549962207688456273e-01
-8.560809191747057456e-01
-8.571618598861154847e-01
-8.582390381583671068e-01
-8.593124492632936429e-01
-8.603820884892334764e-01
-8.614479511410984003e-01
-8.625100325403819435e-01
-8.635683280251681415e-01
-8.646228329501539633e-01
-8.656735426866919436e-01
-8.667204526227525463e-01
-8.677635581630441797e-01
-8.688028547289362580e-01
-8.698383377585193754e-01
-8.708700027066226257e-01
-8.718978450448571227e-01
-8.729218602615815836e-01
-8.739420438619704967e-01
-8.749583913680223368e-01
-8.759708983185477971e-01
-8.769795602692527225e-01
-8.779843727927032493e-01
-8.789853314783402372e-01
-8.799824319325603161e-01
-8.809756697786687019e-01
-8.819650406569317092e-01
-8.829505402245766410e-01
-8.839321641558571807e-01
-8.849099081420078727e-01
-8.858837678913191738e-01
-8.868537391291132499e-01
-8.878198175977726203e-01
-8.887819990567784600e-01
-8.897402792827129314e-01
-8.906946540692891601e-01
-8.916451192273685544e-01
-8.925916705849683552e-01
-8.935343039872584159e-01
-8.944730152966547942e-01
-8.954078003927500307e-01
-8.963386551723856455e-01
-8.972655755496625751e-01
-8.981885574559375085e-01
-8.991075968398605234e-01
-9.000226896673788612e-01
-9.009338319217836677e-01
-9.018410196036751314e-01
-9.027442487310542996e-01
-9.036435153392541331e-01
-9.045388154810334314e-01
-9.054301452265334227e-01
-9.063175006633481523e-01
-9.072008778965046094e-01
-9.080802730484911489e-01
-9.089556822592816943e-01
-9.098271016863420657e-01
-9.106945275046404165e-01
-9.115579559066973037e-01
-9.124173831025532699e-01
-9.132728053198482243e-01
-9.141242188037634886e-01
-9.149716198170989578e-01
-9.158150046402504518e-01
-9.166543695712625617e-01
-9.174897109258020045e-01
-9.183210250372093597e-01
-9.191483082565078400e-01
-9.199715569524217207e-01
-9.207907675113402579e-01
-9.216059363374319302e-01
-9.224170598525737175e-01
-9.232241344964119412e-01
-9.240271567263537156e-01
-9.248261230176073600e-01
-9.256210298631728506e-01
-9.264118737738843423e-01
-9.271986512783948475e-01
-9.279813589232127624e-01
-9.287599932727058638e-01
-9.295345509091291758e-01
-9.303050284326102037e-01
-9.310714224612157697e-01
-9.318337296309330275e-01
-9.325919465956682419e-01
-9.333460700272996347e-01
-9.340960966156699463e-01
-9.348420230685884347e-01
-9.355838461118830551e-01
-9.363215624893752587e-01
-9.370551689629387226e-01
-9.377846623124598269e-01
-9.385100393358917215e-01
-9.392312968492481096e-01
-9.399484316866345557e-01
-9.406614407002512612e-01
-9.413703207604019463e-01
-9.420750687555239367e-01
-9.427756815921706224e-01
-9.434721561950698554e-01
-9.441644895071069632e-01
-9.448526784893536146e-01
-9.455367201210523875e-01
-9.462166113996584027e-01
-9.468923493408492043e-01
-9.475639309785254261e-01
-9.482313533648433213e-01
-9.488946135701971096e-01
-9.495537086832899210e-01
-9.502086358110567454e-01
-9.508593920787465903e-01
-9.515059746299415755e-01
-9.521483806265051975e-01
-9.527866072486605997e-01
-9.534206516949669252e-01
-9.540505111823364137e-01
-9.546761829460461701e-01
-9.552976642397759122e-01
-9.559149523355729983e-01
-9.565280445239121576e-01
-9.571369381136857202e-01
-9.577416304321918483e-01
-9.583421188251938228e-01
-9.589384006568920649e-01
-9.595304733099645489e-01
-9.601183341855560327e-01
-9.607019807032933789e-01
-9.612814103013216371e-01
-9.618566204362922756e-01
-9.624276085833566308e-01
-9.629943722361989922e-01
-9.635569089070730175e-01
-9.641152161267722009e-01
-9.646692914446530764e-01
-9.652191324286444329e-01
-9.657647366652732934e-01
-9.663061017596501490e-01
-9.668432253354976025e-01
-9.673761050351558088e-01
-9.679047385196071218e-01
-9.684291234684397898e-01
-9.689492575799343310e-01
-9.694651385710034708e-01
-9.699767641772047977e-01
-9.704841321528212550e-01
-9.709872402707985239e-01
-9.714860863227919863e-01
-9.719806681191698328e-01
-9.724709834889877502e-01
-9.729570302800557569e-01
-9.734388063589083373e-01
-9.739163096108438555e-01
-9.743895379398874734e-01
-9.748584892688564318e-01
-9.753231615393168630e-01
-9.757835527116354157e-01
-9.762396607649574953e-01
-9.766914836972505620e-01
-9.771390195252508404e-01
-9.775822662845663480e-01
-9.780212220295838588e-01
-9.784558848335377368e-01
-9.788862527885410225e-01
-9.793123240055058298e-01
-9.797340966142390473e-01
-9.801515687634034801e-01
-9.805647386205330607e-01
-9.809736043720725940e-01
-9.813781642233248004e-01
-9.817784163985211476e-01
-9.821743591407762208e-01
-9.825659907121484515e-01
-9.829533093935804988e-01
-9.833363134849888443e-01
-9.837150013051952913e-01
-9.840893711920007947e-01
-9.844594215021257311e-01
-9.848251506112710718e-01
-9.851865569140962897e-01
-9.855436388242504453e-01
-9.858963947743369927e-01
-9.862448232159727324e-01
-9.865889226197552819e-01
-9.869286914752987139e-01
-9.872641282912075766e-01
-9.875952315951196381e-01
-9.879219999336706914e-01
-9.882444318725539523e-01
-9.885625259964779810e-01
-9.888762809091924399e-01
-9.891856952334835418e-01
-9.894907676112293382e-01
-9.897914967033207834e-01
-9.900878811897423359e-01
-9.903799197695291046e-01
-9.906676111608199164e-01
-9.909509541008001410e-01
-9.912299473457768517e-01
-9.915045896711240925e-01
-9.917748798713196257e-01
-9.920408167599540361e-01
-9.923023991697232926e-01
-9.925596259524256393e-01
-9.928124959789810244e-01
-9.930610081394638522e-01
-9.933051613430030624e-01
-9.935449545179596553e-01
-9.937803866117440599e-01
-9.940114565909792255e-01
-9.942381634413793856e-01
-9.944605061678503111e-01
-9.946784837944298019e-01
-9.948920953643203280e-01
-9.951013399398901393e-01
-9.953062166026940272e-01
-9.955067244534192561e-01
-9.957028626119760473e-01
-9.958946302174264131e-01
-9.960820264280058067e-01
-9.962650504211829627e-01
-9.964437013935580900e-01
-9.966179785609990960e-01
-9.967878811584938159e-01
-9.969534084402734697e-01
-9.971145596797826860e-01
-9.972713341696580747e-01
-9.974237312217532070e-01
-9.975717501671129694e-01
-9.977153903560523895e-01
-9.978546511580629330e-01
-9.979895319618738991e-01
-9.981200321754258864e-01
-9.982461512259187542e-01
-9.983678885597545571e-01
-9.984852436425776245e-01
-9.985982159592552421e-01
-9.987068050139134012e-01
-9.988110103299155940e-01
-9.989108314498655883e-01
-9.990062679356007669e-01
-9.990973193682090026e-01
-9.991839853480186662e-01
-9.992662654946274925e-01
-9.993441594468860378e-01
-9.994176668628584892e-01
-9.994867874199042657e-01
-9.995515208146164010e-01
-9.996118667628578480e-01
-9.996678249997547061e-01
-9.997193952796809002e-01
-9.997665773762525188e-01
-9.998093710823942049e-01
-9.998477762102587763e-01
-9.998817925912651949e-01
-9.999114200761130000e-01
-9.999366585347364556e-01
-9.999575078563630592e-01
-9.999739679494797917e-01
-9.999860387418227914e-01
-9.999937201804189879e-01
-9.999970122315441357e-01
-9.999959148807657794e-01
-9.999904281328961808e-01
-9.999805520120012003e-01
-9.999662865614508123e-01
-9.999476318438526024e-01
-9.999245879410857407e-01
-9.998971549543055337e-01
-9.998653330039265485e-01
-9.998291222296242786e-01
-9.997885227903492433e-01
-9.997435348643143316e-01
-9.996941586489660470e-01
-9.996403943610540077e-01
-9.995822422365676641e-01
-9.995197025307750449e-01
-9.994527755181643602e-01
-9.993814614925351503e-01
-9.993057607668976994e-01
-9.992256736735214417e-01
-9.991412005639749294e-01
-9.990523418090211383e-01
-9.989590977986934073e-01
-9.988614689422903314e-01
-9.987594556683522251e-01
-9.986530584246327003e-01
-9.985422776781770482e-01
-9.984271139152437469e-01
-9.983075676413259991e-01
-9.981836393811687191e-01
-9.980553296787432194e-01
-9.979226390972499861e-01
-9.977855682191267839e-01
-9.976441176460327798e-01
-9.974982879988606443e-01
-9.973480799177113498e-01
-9.971934940619028298e-01
-9.970345311099931829e-01
-9.968711917597316008e-01
-9.967034767280755769e-01
-9.965313867511972346e-01
-9.963549225844717805e-01
-9.961740850024731753e-01
-9.959888747989793512e-01
-9.957992927869400157e-01
-9.956053397985185072e-01
-9.954070166850617074e-01
-9.952043243170832776e-01
-9.949972635842918578e-01
-9.947858353955475463e-01
-9.945700406789081960e-01
-9.943498803815841169e-01
-9.941253554699558403e-01
-9.938964669295488052e-01
-9.936632157650570063e-01
-9.934256030003071336e-01
-9.931836296782871054e-01
-9.929372968611160921e-01
-9.926866056300541752e-01
-9.924315570854872481e-01
-9.921721523469266835e-01
-9.919083925530145507e-01
-9.916402788614883113e-01
-9.913678124492185662e-01
-9.910909945121685327e-01
-9.908098262654102539e-01
-9.905243089431062797e-01
-9.902344437985236558e-01
-9.899402321039849628e-01
-9.896416751509087284e-01
-9.893387742497971038e-01
-9.890315307302003367e-01
-9.887199459407387536e-01
-9.884040212490861066e-01
-9.880837580419683519e-01
-9.877591577251457755e-01
-9.874302217234333101e-01
-9.870969514806743339e-01
-9.867593484597196873e-01
-9.864174141424439934e-01
-9.860711500297437704e-01
-9.857205576415207782e-01
-9.853656385166690290e-01
-9.850063942130863337e-01
-9.846428263076123510e-01
-9.842749363961306175e-01
-9.839027260934400942e-01
-9.835261970333388781e-01
-9.831453508685650267e-01
-9.827601892708166531e-01
-9.823707139307258362e-01
-9.819769265578565109e-01
-9.815788288807026918e-01
-9.811764226466848093e-01
-9.807697096221263955e-01
-9.803586915922731793e-01
-9.799433703612371316e-01
-9.795237477520556402e-01
-9.790998256066075767e-01
-9.786716057856675866e-01
-9.782390901688710061e-01
-9.778022806547248535e-01
-9.773611791605454346e-01
-9.769157876225113002e-01
-9.764661079956331591e-01
-9.760121422537506586e-01
-9.755538923895014092e-01
-9.750913604143384150e-01
-9.746245483585043168e-01
-9.741534582710247303e-01
-9.736780922197084687e-01
-9.731984522911499846e-01
-9.727145405906805209e-01
-9.722263592423833201e-01
-9.717339103890889618e-01
-9.712371961923644825e-01
-9.707362188324961672e-01
-9.702309805084784466e-01
-9.697214834380138981e-01
-9.692077298574941491e-01
-9.686897220220096472e-01
-9.681674622052861556e-01
-9.676409526997550303e-01
-9.671101958164787238e-01
-9.665751938851816494e-01
-9.660359492541951143e-01
-9.654924642905013954e-01
-9.649447413796665707e-01
-9.643927829258848172e-01
-9.638365913519250094e-01
-9.632761690991507031e-01
-9.627115186274841641e-01
-9.621426424154164714e-01
-9.615695429599668831e-01
-9.609922227767101477e-01
-9.604106843997486376e-01
-9.598249303817001366e-01
-9.592349632936689741e-01
-9.586407857252764453e-01
-9.580424002846017473e-01
-9.574398095982215029e-01
-9.568330163111414821e-01
-9.562220230868486714e-01
-9.556068326072356678e-01
-9.549874475726264356e-01
-9.543638707017652045e-01
-9.537361047317874929e-01
-9.531041524182333191e-01
-9.524680165349761474e-01
-9.518276998742875028e-01
-9.511832052467807941e-01
-9.505345354814308534e-01
-9.498816934254969979e-01
-9.492246819445834261e-01
-9.485635039225899234e-01
-9.478981622616837743e-01
-9.472286598823478343e-01
-9.465549997232927115e-01
-9.458771847414894074e-01
-9.451952179121621000e-01
-9.445091022287472882e-01
-9.438188407028778037e-01
-9.431244363644087914e-01
-9.424258922613504286e-01
-9.417232114599246584e-01
-9.410163970444892501e-01
-9.403054521175342462e-01
-9.395903797996927320e-01
-9.388711832297166326e-01
-9.381478655644581721e-01
-9.374204299788558847e-01
-9.366888796659371685e-01
-9.359532178367688804e-01
-9.352134477204646634e-01
-9.344695725642101491e-01
-9.337215956331703648e-01
-9.329695202105131591e-01
-9.322133495974403994e-01
-9.314530871130685119e-01
-9.306887360945245158e-01
-9.299202998968445488e-01
-9.291477818930207189e-01
-9.283711854739654656e-01
-9.275905140484757005e-01
-9.268057710432469065e-01
-9.260169599028297283e-01
-9.252240840896637231e-01
-9.244271470839896532e-01
-9.236261523839001120e-01
-9.228211035052972244e-01
-9.220120039818789914e-01
-9.211988573651036516e-01
-9.203816672242245422e-01
-9.195604371462315907e-01
-9.187351707358208941e-01
-9.179058716154512299e-01
-9.170725434252529062e-01
-9.162351898230479685e-01
-9.153938144843314362e-01
-9.145484211022446575e-01
-9.136990133875667608e-01
-9.128455950687033305e-01
-9.119881698916827428e-01
-9.111267416200775626e-01
-9.102613140350568344e-01
-9.093918909353466695e-01
-9.085184761372019357e-01
-9.076410734743972641e-01
-9.067596867982297137e-01
-9.058743199774667021e-01
-9.049849768983385667e-01
-9.040916614645638782e-01
-9.031943775972612887e-01
-9.022931292349734012e-01
-9.013879203336760959e-01
-9.004787548666872699e-01
-8.995656368247259005e-01
-8.986485702158221178e-01
-8.977275590653829296e-01
-8.968026074161086214e-01
-8.958737193279907585e-01
-8.949408988783106311e-01
-8.940041501615937358e-01
-8.930634772896195450e-01
-8.921188843914005240e-01
-8.911703756131327259e-01
-8.902179551182273221e-01
-8.892616270872545359e-01
-8.883013957179276554e-01
-8.873372652251007020e-01
-8.863692398407658768e-01
-8.853973238139494217e-01
-8.844215214108058776e-01
-8.834418369145512484e-01
-8.824582746254286958e-01
-8.814708388606818934e-01
-8.804795339545904431e-01
-8.794843642583997090e-01
-8.784853341403153770e-01
-8.774824479855051207e-01
-8.764757101960545249e-01
-8.754651251909557619e-01
-8.744506974060761717e-01
-8.734324312941591506e-01
-8.724103313247983937e-01
-8.713844019844294575e-01
-8.703546477762621469e-01
-8.693210732203237034e-01
-8.682836828534040707e-01
-8.672424812290306928e-01
-8.661974729174789500e-01
-8.651486625057204227e-01
-8.640960545974258888e-01
-8.630396538129138095e-01
-8.619794647891836359e-01
-8.609154921798256588e-01
-8.598477406550720792e-01
-8.587762149017172941e-01
-8.577009196231419885e-01
-8.566218595392653956e-01
-8.555390393865209830e-01
-8.544524639178563419e-01
-8.533621379027018783e-01
-8.522680661269540492e-01
-8.511702533929453862e-01
-8.500687045194404989e-01
-8.489634243415791204e-01
-8.478544177109132995e-01
-8.467416894953183615e-01
-8.456252445790255479e-01
-8.445050878625706137e-01
-8.433812242627932720e-01
-8.422536587128064411e-01
-8.411223961619493927e-01
-8.399874415757948576e-01
-8.388487999361392555e-01
-8.377064762409648369e-01
-8.365604755043900553e-01
-8.354108027566902184e-01
-8.342574630442596284e-01
-8.331004614295771660e-01
-8.319398029912169479e-01
-8.307754928237690573e-01
-8.296075360378917241e-01
-8.284359377602285024e-01
-8.272607031333997218e-01
-8.260818373160063732e-01
-8.248993454825866989e-01
-8.237132328235822198e-01
-8.225235045453362925e-01
-8.213301658700640218e-01
-8.201332220358200642e-01
-8.189326782964775342e-01
-8.177285399217244510e-01
-8.165208121970379818e-01
-8.153095004236091681e-01
-8.140946099184140916e-01
-8.128761460141065154e-01
-8.116541140590266545e-01
-8.104285194171813034e-01
-8.091993674682098625e-01
-8.079666636073679076e-01
-8.067304132455144217e-01
-8.054906218090613912e-01
-8.042472947399622596e-01
-8.030004374957000479e-01
-8.017500555492501624e-01
-8.004961543890591891e-01
-7.992387395190179156e-01
-7.979778164584487854e-01
-7.967133907420510530e-01
-7.954454679199255418e-01
-7.941740535575040338e-01
-7.928991532355593730e-01
-7.916207725501422932e-01
-7.903389171126214974e-01
-7.890535925495802960e-01
-7.877648045028476931e-01
-7.864725586294369908e-01
-7.851768606015554486e-01
-7.838777161065614285e-01
-7.825751308469338641e-01
-7.812691105402622682e-01
-7.799596609192261942e-01
-7.786467877315297326e-01
-7.773304967399146115e-01
-7.760107937221440988e-01
-7.746876844709336130e-01
-7.733611747939609371e-01
-7.720312705138111520e-01
-7.706979774679948436e-01
-7.693613015088963669e-01
-7.680212485037387626e-01
-7.666778243345713229e-01
-7.653310348982395039e-01
-7.639808861063650536e-01
-7.626273838853145914e-01
-7.612705341761524247e-01
-7.599103429346610872e-01
-7.585468161313023705e-01
-7.571799597511421620e-01
-7.558097797938795326e-01
-7.544362822738092111e-01
-7.530594732197902763e-01
-7.516793586751969736e-01
-7.502959446979327041e-01
-7.489092373603661867e-01
-7.475192427493417835e-01
-7.461259669661172156e-01
-7.447294161263576795e-01
-7.433295963601133094e-01
-7.419265138117663305e-01
-7.405201746400232876e-01
-7.391105850178996128e-01
-7.376977511326664461e-01
-7.362816791858328713e-01
-7.348623753931314839e-01
-7.334398459844854168e-01
-7.320140972039541616e-01
-7.305851353097319034e-01
-7.291529665741435240e-01
-7.277175972835671081e-01
-7.262790337384311679e-01
-7.248372822531874426e-01
-7.233923491562872510e-01
-7.219442407901309755e-01
-7.204929635110799424e-01
-7.190385236893951371e-01
-7.175809277091904637e-01
-7.161201819684829273e-01
-7.146562928790959335e-01
-7.131892668666246493e-01
-7.117191103704645361e-01
-7.102458298437375195e-01
-7.087694317533077548e-01
-7.072899225796769329e-01
-7.058073088170319087e-01
-7.043215969731690951e-01
-7.028327935695061202e-01
-7.013409051410203210e-01
-6.998459382362269832e-01
-6.983478994171465892e-01
-6.968467952593042636e-01
-6.953426323516666008e-01
-6.938354172966181288e-01
-6.923251567099725223e-01
-6.908118572208693520e-01
-6.892955254718206026e-01
-6.877761681186304044e-01
-6.862537918303875939e-01
-6.847284032894463968e-01
-6.832000091913620343e-01
-6.816686162448851727e-01
-6.801342311719449363e-01
-6.785968607075847370e-01
-6.770565115999569450e-01
-6.755131906103086781e-01
-6.739669045129095259e-01
-6.724176600950484417e-01
-6.708654641570117594e-01
-6.693103235120220207e-01
-6.677522449862366427e-01
-6.661912354187082830e-01
-6.646273016613656326e-01
-6.630604505789461367e-01
-6.614906890490203084e-01
-6.599180239619212296e-01
-6.583424622207249000e-01
-6.567640107412386907e-01
-6.551826764519323998e-01
-6.535984662939394729e-01
-6.520113872210132611e-01
-6.504214461995061480e-01
-6.488286502083400187e-01
-6.472330062389374250e-01
-6.456345212952467882e-01
-6.440332023936845562e-01
-6.424290565631084471e-01
-6.408220908447787023e-01
-6.392123122923319967e-01
-6.375997279717415811e-01
-6.359843449613277189e-01
-6.343661703516654260e-01
-6.327452112456137812e-01
-6.311214747582089002e-01
-6.294949680167264416e-01
-6.278656981605733600e-01
-6.262336723412944561e-01
-6.245988977225014338e-01
-6.229613814799312976e-01
-6.213211308013137923e-01
-6.196781528863769539e-01
-6.180324549468527717e-01
-6.163840442063692748e-01
-6.147329279005058211e-01
-6.130791132766882923e-01
-6.114226075941926464e-01
-6.097634181241190499e-01
-6.081015521493371434e-01
-6.064370169644632824e-01
-6.047698198758278965e-01
-6.030999682014595020e-01
-6.014274692710239734e-01
-5.997523304258154386e-01
-5.980745590187177552e-01
-5.963941624141623210e-01
-5.947111479880986540e-01
-5.930255231279897288e-01
-5.913372952327329291e-01
-5.896464717126664867e-01
-5.879530599895130827e-01
-5.862570674963701878e-01
-5.845585016776455589e-01
-5.828573699890493565e-01
-5.811536798975404094e-01
-5.794474388813387611e-01
-5.777386544298400706e-01
-5.760273340436146139e-01
-5.743134852343368957e-01
-5.725971155248243960e-01
-5.708782324489274362e-01
-5.691568435515390600e-01
-5.674329563885462946e-01
-5.657065785267971769e-01
-5.639777175440936485e-01
-5.622463810291297159e-01
-5.605125765814440442e-01
-5.587763118114327243e-01
-5.570375943402883223e-01
-5.552964317999425914e-01
-5.535528318330940056e-01
-5.518068020931305995e-01
-5.500583502440999917e-01
-5.483074839606770778e-01
-5.465542109281517069e-01
-5.447985388423493003e-01
-5.430404754096566089e-01
-5.412800283469314522e-01
-5.395172053815286972e-01
-5.377520142511953427e-01
-5.359844627040737386e-01
-5.342145584987083584e-01
-5.324423094039246740e-01
-5.306677231988575771e-01
-5.288908076729189611e-01
-5.271115706257180067e-01
-5.253300198670654009e-01
-5.235461632169283730e-01
-5.217600085053990533e-01
-5.199715635726432916e-01
-5.181808362688948844e-01
-5.163878344543944010e-01
-5.145925659993777490e-01
-5.127950387840094493e-01
-5.109952606983958479e-01
-5.091932396425006280e-01
-5.073889835261494730e-01
-5.055825002689621206e-01
-5.037737978003598016e-01
-5.019628840594644315e-01
-5.001497669951522340e-01
-4.983344545659358360e-01
-4.965169547399660432e-01
-4.946972754950154094e-01
-4.928754248184187281e-01
-4.910514107070168000e-01
-4.892252411671628165e-01
-4.873969242146995451e-01
-4.855664678748432550e-01
-4.837338801822370082e-01
-4.818991691808746092e-01
-4.800623429240484241e-01
-4.782234094743586517e-01
-4.763823769036429345e-01
-4.745392532929638696e-01
-4.726940467325579931e-01
-4.708467653218001425e-01
-4.689974171691745353e-01
-4.671460103922239759e-01
-4.652925531175689522e-01
-4.634370534807886188e-01
-4.615795196264371736e-01
-4.597199597080140476e-01
-4.578583818878828593e-01
-4.559947943372787971e-01
-4.541292052362853604e-01
-4.522616227737338845e-01
-4.503920551472127554e-01
-4.485205105630388212e-01
-4.466469972361936658e-01
-4.447715233903024035e-01
-4.428940972576001500e-01
-4.410147270788903895e-01
-4.391334211035043955e-01
-4.372501875892876311e-01
-4.353650348025280836e-01
-4.334779710179385015e-01
-4.315890045186193680e-01
-4.296981435960407492e-01
-4.278053965499715172e-01
-4.259107716884734107e-01
-4.240142773278351429e-01
-4.221159217925579132e-01
-4.202157134153108320e-01
-4.183136605368847905e-01
-4.164097715061962912e-01
-4.145040546801925241e-01
-4.125965184238675754e-01
-4.106871711101835465e-01
-4.087760211200515137e-01
-4.068630768423075472e-01
-4.049483466736663595e-01
-4.030318390186625188e-01
-4.011135622896526143e-01
-3.991935249067397606e-01
-3.972717352977704897e-01
-3.953482018982815149e-01
-3.934229331514514927e-01
-3.914959375080858117e-01
-3.895672234265619704e-01
-3.876367993728145334e-01
-3.857046738202729030e-01
-3.837708552498436676e-01
-3.818353521498522585e-01
-3.798981730160312376e-01
-3.779593263514567925e-01
-3.760188206665238120e-01
-3.740766644789310091e-01
-3.721328663136172499e-01
-3.701874347027023782e-01
-3.682403781854962643e-01
-3.662917053084374097e-01
-3.643414246250685218e-01
-3.623895446959667366e-01
-3.604360740887609382e-01
-3.584810213780254551e-01
-3.565243951453076487e-01
-3.545662039790604125e-01
-3.526064564745813867e-01
-3.506451612340160118e-01
-3.486823268663136188e-01
-3.467179619871642582e-01
-3.447520752189922599e-01
-3.427846751908772971e-01
-3.408157705385517211e-01
-3.388453699043671996e-01
-3.368734819372231626e-01
-3.349001152925469849e-01
-3.329252786322742796e-01
-3.309489806247777888e-01
-3.289712299448492860e-01
-3.269920352736633284e-01
-3.250114052987254643e-01
-3.230293487138352626e-01
-3.210458742190721027e-01
-3.190609905207203445e-01
-3.170747063312647773e-01
-3.150870303693208974e-01
-3.130979713596446223e-01
-3.111075380330183271e-01
-3.091157391262840948e-01
-3.071225833822804341e-01
-3.051280795497957610e-01
-3.031322363835474154e-01
-3.011350626440875144e-01
-2.991365670978634039e-01
-2.971367585170948677e-01
-2.951356456797799566e-01
-2.931332373696244331e-01
-2.911295423760184020e-01
-2.891245694940230426e-01
-2.871183275242972788e-01
-2.851108252730817361e-01
-2.831020715521179731e-01
-2.810920751786700755e-01
-2.790808449754405007e-01
-2.770683897705531473e-01
-2.750547183975148302e-01
-2.730398396951593809e-01
-2.710237625076328816e-01
-2.690064956843261079e-01
-2.669880480798588196e-01
-2.649684285540523376e-01
-2.629476459718340653e-01
-2.609257092032652992e-01
-2.589026271234739496e-01
-2.568784086126060240e-01
-2.548530625557834939e-01
-2.528265978430935812e-01
-2.507990233695324145e-01
-2.487703480349726937e-01
-2.467405807441101773e-01
-2.447097304064280998e-01
-2.426778059361879847e-01
-2.406448162523388556e-01
-2.386107702785119355e-01
-2.365756769429866735e-01
-2.345395451786327079e-01
-2.325023839228591294e-01
-2.304642021176410704e-01
-2.284250087093816772e-01
-2.263848126489595991e-01
-2.243436228916309561e-01
-2.223014483970329191e-01
-2.202582981291226760e-01
-2.182141810561227524e-01
-2.161691061505231770e-01
-2.141230823890060697e-01
-2.120761187524111691e-01
-2.100282242257106025e-01
-2.079794077979588984e-01
-2.059296784622721976e-01
-2.038790452157578093e-01
-2.018275170595061618e-01
-1.997751029985233295e-01
-1.977218120416910363e-01
-1.956676532017622983e-01
-1.936126354953047468e-01
-1.915567679426353198e-01
-1.895000595677982513e-01
-1.874425193985580496e-01
-1.853841564663030461e-01
-1.833249798060497537e-01
-1.812649984563700634e-01
-1.792042214593785321e-01
-1.771426578606904445e-01
-1.750803167093621937e-01
-1.730172070578548382e-01
-1.709533379620159499e-01
-1.688887184810229092e-01
-1.668233576773544835e-01
-1.647572646167329014e-01
-1.626904483680980951e-01
-1.606229180035594617e-01
-1.585546825983686903e-01
-1.564857512308871490e-01
-1.544161329824891293e-01
-1.523458369375978172e-01
-1.502748721836012213e-01
-1.482032478108192275e-01
-1.461309729124743439e-01
-1.440580565846489580e-01
-1.419845079262172516e-01
-1.399103360388555262e-01
-1.378355500269622946e-01
-1.357601589976281664e-01
-1.336841720606132544e-01
-1.316075983282937734e-01
-1.295304469155986737e-01
-1.274527269400196339e-01
-1.253744475215218812e-01
-1.232956177825331179e-01
-1.212162468479100058e-01
-1.191363438448647394e-01
-1.170559179029657948e-01
-1.149749781540540666e-01
-1.128935337322537896e-01
-1.108115937738707035e-01
-1.087291674174276634e-01
-1.066462638035366312e-01
-1.045628920749258339e-01
-1.024790613763989361e-01
-1.003947808547316078e-01
-9.831005965869556162e-02
-9.622490693901207537e-02
-9.413933184827913414e-02
-9.205334354093593074e-02
-8.996695117327190017e-02
-8.788016390332142880e-02
-8.579299089086342422e-02
-8.370544129735942029e-02
-8.161752428593388453e-02
-7.952924902132561813e-02
-7.744062466982482018e-02
-7.535166039929339088e-02
-7.326236537904502744e-02
-7.117274877986420889e-02
-6.908281977395575035e-02
-6.699258753487780105e-02
-6.490206123753547440e-02
-6.281125005810789252e-02
-6.072016317403671620e-02
-5.862880976397223665e-02
-5.653719900772205542e-02
-5.444534008623785892e-02
-5.235324218155733289e-02
-5.026091447676960672e-02
-4.816836615597888671e-02
-4.607560640423557369e-02
-4.398264440752550075e-02
-4.188948935273189428e-02
-3.979615042758503918e-02
-3.770263682062038879e-02
-3.560895772114099772e-02
-3.351512231915978329e-02
-3.142113980540228030e-02
-2.932701937121934277e-02
-2.723277020857883118e-02
-2.513840151001362627e-02
-2.304392246855700363e-02
-2.094934227776915070e-02
-1.885467013162216154e-02
-1.675991522449359061e-02
-1.466508675115379967e-02
-1.257019390666683223e-02
-1.047524588637565625e-02
-8.380251885881087257e-03
-6.285221100977092697e-03
-4.190162727628385375e-03
-2.095085961912599055e-03
0.000000000000000000e+00
