0.000000000000000000e+00
-3.143117196643182600e-03
-6.286203340936725656e-03
-9.429227380839783415e-03
-1.257215826495445068e-02
-1.571496494276904132e-02
-1.885761636501468927e-02
-2.200008148394045487e-02
-2.514232925363790033e-02
-2.828432863036401887e-02
-3.142604857282841474e-02
-3.456745804248792520e-02
-3.770852600386485204e-02
-4.084922142487297514e-02
-4.398951327708315595e-02
-4.712937053607531984e-02
-5.026876218171334731e-02
-5.340765719845857323e-02
-5.654602457568528445e-02
-5.968383330796478425e-02
-6.282105239540891617e-02
-6.595765084394918099e-02
-6.909359766563914762e-02
-7.222886187897593901e-02
-7.536341250920086665e-02
-7.849721858861199997e-02
-8.163024915684032046e-02
-8.476247326120177339e-02
-8.789385995697555909e-02
-9.102437830771839544e-02
-9.415399738554049158e-02
-9.728268627145471303e-02
-1.004104140556803804e-01
-1.035371498378999111e-01
-1.066628627276244717e-01
-1.097875218444303302e-01
-1.129110963183469069e-01
-1.160335552901109596e-01
-1.191548679114629999e-01
-1.222750033454952506e-01
-1.253939307668910097e-01
-1.285116193622978242e-01
-1.316280383305913626e-01
-1.347431568832019866e-01
-1.378569442443980941e-01
-1.409693696515944838e-01
-1.440804023556696567e-01
-1.471900116212490617e-01
-1.502981667270517907e-01
-1.534048369661266953e-01
-1.565099916462137086e-01
-1.596136000900230667e-01
-1.627156316355309884e-01
-1.658160556363093840e-01
-1.689148414617974714e-01
-1.720119584976197158e-01
-1.751073761458991629e-01
-1.782010638255290547e-01
-1.812929909725118638e-01
-1.843831270402435940e-01
-1.874714414997934731e-01
-1.905579038402479553e-01
-1.936424835689793400e-01
-1.967251502119646278e-01
-1.998058733140854470e-01
-2.028846224394213471e-01
-2.059613671715523342e-01
-2.090360771138642659e-01
-2.121087218898244087e-01
-2.151792711433497540e-01
-2.182476945390200984e-01
-2.213139617624164113e-01
-2.243780425204385531e-01
-2.274399065415884935e-01
-2.304995235762473949e-01
-2.335568633970294128e-01
-2.366118957990263061e-01
-2.396645906001168003e-01
-2.427149176412875808e-01
-2.457628467869153177e-01
-2.488083479250678687e-01
-2.518513909677989604e-01
-2.548919458514404823e-01
-2.579299825369062438e-01
-2.609654710100099417e-01
-2.639983812817143227e-01
-2.670286833884637501e-01
-2.700563473924784130e-01
-2.730813433820187819e-01
-2.761036414717255028e-01
-2.791232118028834086e-01
-2.821400245437225562e-01
-2.851540498897360276e-01
-2.881652580639375016e-01
-2.911736193171668985e-01
-2.941791039284041287e-01
-2.971816822050453166e-01
-3.001813244831963989e-01
-3.031780011279726073e-01
-3.061716825337982284e-01
-3.091623391246658414e-01
-3.121499413544570611e-01
-3.151344597072471276e-01
-3.181158646975671411e-01
-3.210941268706983265e-01
-3.240692168029815634e-01
-3.270411051020940540e-01
-3.300097624073495273e-01
-3.329751593899699103e-01
-3.359372667533996326e-01
-3.388960552335850696e-01
-3.418514955992468796e-01
-3.448035586521920326e-01
-3.477522152275941414e-01
-3.506974361942764018e-01
-3.536391924550133514e-01
-3.565774549467919385e-01
-3.595121946411327096e-01
-3.624433825443515444e-01
-3.653709896978643568e-01
-3.682949871784462204e-01
-3.712153460985357922e-01
-3.741320376065336850e-01
-3.770450328870722512e-01
-3.799543031612905297e-01
-3.828598196871092485e-01
-3.857615537595772137e-01
-3.886594767110813087e-01
-3.915535599116748422e-01
-3.944437747693274043e-01
-3.973300927302617636e-01
-4.002124852791532073e-01
-4.030909239394873667e-01
-4.059653802738096839e-01
-4.088358258839975279e-01
-4.117022324115765519e-01
-4.145645715379597807e-01
-4.174228149847252767e-01
-4.202769345139492629e-01
-4.231269019284324973e-01
-4.259726890719909287e-01
-4.288142678297544030e-01
-4.316516101284187945e-01
-4.344846879365311110e-01
-4.373134732647663836e-01
-4.401379381662433588e-01
-4.429580547367116816e-01
-4.457737951149198796e-01
-4.485851314828334102e-01
-4.513920360659246511e-01
-4.541944811334613363e-01
-4.569924389987568003e-01
-4.597858820194571372e-01
-4.625747825978229755e-01
-4.653591131809792225e-01
-4.681388462612123824e-01
-4.709139543762246860e-01
-4.736844101094153658e-01
-4.764501860901395047e-01
-4.792112549939633315e-01
-4.819675895430030055e-01
-4.847191625061235132e-01
-4.874659466992358747e-01
-4.902079149855447238e-01
-4.929450402758578931e-01
-4.956772955288173410e-01
-4.984046537511837571e-01
-5.011270879980874726e-01
-5.038445713733219478e-01
-5.065570770295667602e-01
-5.092645781687130668e-01
-5.119670480420656089e-01
-5.146644599506454698e-01
-5.173567872454435390e-01
-5.200440033276967355e-01
-5.227260816491051676e-01
-5.254029957121602035e-01
-5.280747190703573013e-01
-5.307412253284778947e-01
-5.334024881428478526e-01
-5.360584812215798411e-01
-5.387091783248910692e-01
-5.413545532652543901e-01
-5.439945799077728905e-01
-5.466292321703775103e-01
-5.492584840240831712e-01
-5.518823094932813200e-01
-5.545006826559464308e-01
-5.571135776439375409e-01
-5.597209686432118581e-01
-5.623228298941478354e-01
-5.649191356917128148e-01
-5.675098603857664514e-01
-5.700949783813212823e-01
-5.726744641387712109e-01
-5.752482921741566280e-01
-5.778164370594051080e-01
-5.803788734226043022e-01
-5.829355759482293120e-01
-5.854865193774050347e-01
-5.880316785081632913e-01
-5.905710281956696450e-01
-5.931045433524841926e-01
-5.956321989488021496e-01
-5.981539700127259662e-01
-6.006698316304922569e-01
-6.031797589467128295e-01
-6.056837271646259291e-01
-6.081817115463326040e-01
-6.106736874130741510e-01
-6.131596301454392828e-01
-6.156395151836234758e-01
-6.181133180276660033e-01
-6.205810142377018446e-01
-6.230425794341826196e-01
-6.254979892981497036e-01
-6.279472195714592697e-01
-6.303902460569758004e-01
-6.328270446188988263e-01
-6.352575911829559940e-01
-6.376818617366087905e-01
-6.400998323293604075e-01
-6.425114790729175018e-01
-6.449167781414778533e-01
-6.473157057719683971e-01
-6.497082382642410670e-01
-6.520943519813378053e-01
-6.544740233497113868e-01
-6.568472288594522368e-01
-6.592139450645446708e-01
-6.615741485830828328e-01
-6.639278160975136123e-01
-6.662749243548142797e-01
-6.686154501668042371e-01
-6.709493704103158818e-01
-6.732766620274456271e-01
-6.755973020257838302e-01
-6.779112674786392789e-01
-6.802185355252390320e-01
-6.825190833709909866e-01
-6.848128882876988177e-01
-6.870999276137758072e-01
-6.893801787544803217e-01
-6.916536191821293089e-01
-6.939202264363177886e-01
-6.961799781241816421e-01
-6.984328519205533770e-01
-7.006788255682276922e-01
-7.029178768781714215e-01
-7.051499837297233730e-01
-7.073751240708555654e-01
-7.095932759183490868e-01
-7.118044173580354572e-01
-7.140085265450009100e-01
-7.162055817038017747e-01
-7.183955611287088372e-01
-7.205784431838525572e-01
-7.227542063035248265e-01
-7.249228289923291824e-01
-7.270842898254127329e-01
-7.292385674486896452e-01
-7.313856405790313264e-01
-7.335254880044651538e-01
-7.356580885844549167e-01
-7.377834212500111732e-01
-7.399014650039591467e-01
-7.420121989211670988e-01
-7.441156021486783345e-01
-7.462116539059848730e-01
-7.483003334852033062e-01
-7.503816202512688660e-01
-7.524554936421711249e-01
-7.545219331691351838e-01
-7.565809184168176271e-01
-7.586324290435375595e-01
-7.606764447814399199e-01
-7.627129454367309602e-01
-7.647419108898647622e-01
-7.667633210957204293e-01
-7.687771560838230211e-01
-7.707833959585639327e-01
-7.727820208993441131e-01
-7.747730111607927794e-01
-7.767563470729915709e-01
-7.787320090416058882e-01
-7.806999775481469062e-01
-7.826602331501182341e-01
-7.846127564812309663e-01
-7.865575282515818722e-01
-7.884945292478457990e-01
-7.904237403334817280e-01
-7.923451424488963113e-01
-7.942587166116443775e-01
-7.961644439166281062e-01
-7.980623055362605633e-01
-7.999522827206699827e-01
-8.018343567978771791e-01
-8.037085091739784026e-01
-8.055747213333439571e-01
-8.074329748387819583e-01
-8.092832513317265164e-01
-8.111255325324044918e-01
-8.129598002400539869e-01
-8.147860363330937661e-01
-8.166042227692456024e-01
-8.184143415858058379e-01
-8.202163748997454151e-01
-8.220103049079243718e-01
-8.237961138872619271e-01
-8.255737841949083444e-01
-8.273432982684106873e-01
-8.291046386258995593e-01
-8.308577878662636307e-01
-8.326027286693146179e-01
-8.343394437959610332e-01
-8.360679160883716099e-01
-8.377881284701433895e-01
-8.395000639464896830e-01
-8.412037056043720762e-01
-8.428990366127315781e-01
-8.445860402225781050e-01
-8.462646997672155225e-01
-8.479349986623623270e-01
-8.495969204063462676e-01
-8.512504485802582233e-01
-8.528955668481117414e-01
-8.545322589570005789e-01
-8.561605087372807787e-01
-8.577803001026862439e-01
-8.593916170505352392e-01
-8.609944436618618413e-01
-8.625887641015967944e-01
-8.641745626186783102e-01
-8.657518235462684508e-01
-8.673205313018472751e-01
-8.688806703874109028e-01
-8.704322253896120687e-01
-8.719751809799018982e-01
-8.735095219146904455e-01
-8.750352330354987940e-01
-8.765522992691116011e-01
-8.780607056276946709e-01
-8.795604372090085610e-01
-8.810514791964810799e-01
-8.825338168594112354e-01
-8.840074355530771477e-01
-8.854723207188957002e-01
-8.869284578845798572e-01
-8.883758326642734460e-01
-8.898144307586717261e-01
-8.912442379551673843e-01
-8.926652401280323890e-01
-8.940774232385282350e-01
-8.954807733349900989e-01
-8.968752765530889626e-01
-8.982609191158628104e-01
-8.996376873338880475e-01
-9.010055676054097296e-01
-9.023645464165067631e-01
-9.037146103411798359e-01
-9.050557460415068478e-01
-9.063879402677853525e-01
-9.077111798586279257e-01
-9.090254517411218149e-01
-9.103307429309542842e-01
-9.116270405325270776e-01
-9.129143317391131829e-01
-9.141926038329633020e-01
-9.154618441853827893e-01
-9.167220402569985493e-01
-9.179731795977124076e-01
-9.192152498469282618e-01
-9.204482387336416771e-01
-9.216721340765907655e-01
-9.228869237842987072e-01
-9.240925958553127817e-01
-9.252891383782237966e-01
-9.264765395318170782e-01
-9.276547875851900438e-01
-9.288238708978799885e-01
-9.299837779199519039e-01
-9.311344971921385882e-01
-9.322760173459393451e-01
-9.334083271037448837e-01
-9.345314152789260254e-01
-9.356452707759620457e-01
-9.367498825905455906e-01
-9.378452398096873699e-01
-9.389313316118479413e-01
-9.400081472670132055e-01
-9.410756761368004319e-01
-9.421339076745901542e-01
-9.431828314256157642e-01
-9.442224370270594358e-01
-9.452527142081683653e-01
-9.462736527903585770e-01
-9.472852426872627740e-01
-9.482874739049289570e-01
-9.492803365418409633e-01
-9.502638207890256039e-01
-9.512379169301741211e-01
-9.522026153417546546e-01
-9.531579064930398859e-01
-9.541037809462564745e-01
-9.550402293566651046e-01
-9.559672424726527451e-01
-9.568848111358057018e-01
-9.577929262810336297e-01
-9.586915789366423635e-01
-9.595807602244131873e-01
-9.604604613597041984e-01
-9.613306736515320194e-01
-9.621913885026589508e-01
-9.630425974096614716e-01
-9.638842919630611350e-01
-9.647164638473580967e-01
-9.655391048411277044e-01
-9.663522068171190860e-01
-9.671557617422928965e-01
-9.679497616779744185e-01
-9.687341987798367970e-01
-9.695090652980754564e-01
-9.702743535774087658e-01
-9.710300560571994977e-01
-9.717761652714899112e-01
-9.725126738491310929e-01
-9.732395745137942811e-01
-9.739568600840855517e-01
-9.746645234736042163e-01
-9.753625576910114336e-01
-9.760509558400891628e-01
-9.767297111198302018e-01
-9.773988168244859276e-01
-9.780582663436517832e-01
-9.787080531623124635e-01
-9.793481708609056424e-01
-9.799786131154205604e-01
-9.805993736974100150e-01
-9.812104464740977194e-01
-9.818118254083877394e-01
-9.824035045589911697e-01
-9.829854780804099246e-01
-9.835577402230709643e-01
-9.841202853333218536e-01
-9.846731078535039261e-01
-9.852162023220357723e-01
-9.857495633734266738e-01
-9.862731857383341127e-01
-9.867870642436661344e-01
-9.872911938125642495e-01
-9.877855694644868123e-01
-9.882701863152748567e-01
-9.887450395771647527e-01
-9.892101245588621472e-01
-9.896654366655619484e-01
-9.901109713990227101e-01
-9.905467243575947212e-01
-9.909726912362777362e-01
-9.913888678267338550e-01
-9.917952500173671249e-01
-9.921918337933308685e-01
-9.925786152365895232e-01
-9.929555905259302984e-01
-9.933227559370502169e-01
-9.936801078425375744e-01
-9.940276427119570934e-01
-9.943653571118430401e-01
-9.946932477057539579e-01
-9.950113112542996463e-01
-9.953195446151911208e-01
-9.956179447432325080e-01
-9.959065086903975406e-01
-9.961852336058181212e-01
-9.964541167358514917e-01
-9.967131554240594715e-01
-9.969623471112875057e-01
-9.972016893356430156e-01
-9.974311797325643436e-01
-9.976508160347804521e-01
-9.978605960724248325e-01
-9.980605177729741095e-01
-9.982505791612967805e-01
-9.984307783596982899e-01
-9.986011135879122591e-01
-9.987615831630960450e-01
-9.989121854999224448e-01
-9.990529191104919882e-01
-9.991837826044478454e-01
-9.993047746889263117e-01
-9.994158941685975517e-01
-9.995171399456338479e-01
-9.996085110197950874e-01
-9.996900064883861292e-01
-9.997616255462697943e-01
-9.998233674858925113e-01
-9.998752316972762122e-01
-9.999172176680214408e-01
-9.999493249833285580e-01
-9.999715533260026268e-01
-9.999839024764385353e-01
-9.999863723126275472e-01
-9.999789628101620753e-01
-9.999616740422629935e-01
-9.999345061797264567e-01
-9.998974594909528779e-01
-9.998505343419418212e-01
-9.997937311962982188e-01
-9.997270506152065028e-01
-9.996504932574261648e-01
-9.995640598793056331e-01
-9.994677513347716147e-01
-9.993615685752862410e-01
-9.992455126499079077e-01
-9.991195847051803636e-01
-9.989837859852094271e-01
-9.988381178316207976e-01
-9.986825816835391834e-01
-9.985171790775773104e-01
-9.983419116478190469e-01
-9.981567811258238443e-01
-9.979617893405832163e-01
-9.977569382185129676e-01
-9.975422297834299901e-01
-9.973176661565456014e-01
-9.970832495564287967e-01
-9.968389822989880411e-01
-9.965848667974568365e-01
-9.963209055623623023e-01
-9.960471012015005288e-01
-9.957634564199175919e-01
-9.954699740198725832e-01
-9.951666569008270624e-01
-9.948535080593839952e-01
-9.945305305893002989e-01
-9.941977276814059072e-01
-9.938551026236360775e-01
-9.935026588009328030e-01
-9.931403996952609115e-01
-9.927683288855452259e-01
-9.923864500476545780e-01
-9.919947669543457414e-01
-9.915932834752478886e-01
-9.911820035768025283e-01
-9.907609313222381919e-01
-9.903300708715185863e-01
-9.898894264813350441e-01
-9.894390025050113779e-01
-9.889788033924961086e-01
-9.885088336903148365e-01
-9.880290980415455948e-01
-9.875396011856897305e-01
-9.870403479587318563e-01
-9.865313432930298276e-01
-9.860125922172852109e-01
-9.854840998564794452e-01
-9.849458714318441999e-01
-9.843979122607975363e-01
-9.838402277568775167e-01
-9.832728234297122283e-01
-9.826957048849709331e-01
-9.821088778242668127e-01
-9.815123480451569682e-01
-9.809061214410261798e-01
-9.802902040010804674e-01
-9.796646018102452835e-01
-9.790293210491561871e-01
-9.783843679940567029e-01
-9.777297490167421445e-01
-9.770654705844959986e-01
-9.763915392600371890e-01
-9.757079617014468020e-01
-9.750147446621304503e-01
-9.743118949906910409e-01
-9.735994196309151194e-01
-9.728773256216980414e-01
-9.721456200969331718e-01
-9.714043102855037803e-01
-9.706534035111470393e-01
-9.698929071924189405e-01
-9.691228288426269044e-01
-9.683431760697572832e-01
-9.675539565763533467e-01
-9.667551781594785343e-01
-9.659468487106640522e-01
-9.651289762157649887e-01
-9.643015687549392201e-01
-9.634646345025186243e-01
-9.626181817269852115e-01
-9.617622187908491105e-01
-9.608967541505830656e-01
-9.600217963565120805e-01
-9.591373540527541319e-01
-9.582434359771256904e-01
-9.573400509610859865e-01
-9.564272079296004536e-01
-9.555049159010630122e-01
-9.545731839872376723e-01
-9.536320213931546164e-01
-9.526814374170008426e-01
-9.517214414500334563e-01
-9.507520429765133896e-01
-9.497732515736049264e-01
-9.487850769112242677e-01
-9.477875287520309833e-01
-9.467806169512752446e-01
-9.457643514567063425e-01
-9.447387423085010782e-01
-9.437037996391391959e-01
-9.426595336732986885e-01
-9.416059547277888520e-01
-9.405430732114008485e-01
-9.394708996248583022e-01
-9.383894445606755230e-01
-9.372987187030517031e-01
-9.361987328277803222e-01
-9.350894978021401238e-01
-9.339710245847875347e-01
-9.328433242256589653e-01
-9.317064078658331416e-01
-9.305602867374467291e-01
-9.294049721635747607e-01
-9.282404755581082911e-01
-9.270668084256721286e-01
-9.258839823614767317e-01
-9.246920090512248391e-01
-9.234909002709734693e-01
-9.222806678870463237e-01
-9.210613238559068883e-01
-9.198328802240347546e-01
-9.185953491277913940e-01
-9.173487427933602056e-01
-9.160930735365130362e-01
-9.148283537626342721e-01
-9.135545959664769233e-01
-9.122718127321189918e-01
-9.109800167327456455e-01
-9.096792207306452216e-01
-9.083694375769966189e-01
-9.070506802117540568e-01
-9.057229616635608105e-01
-9.043862950495633601e-01
-9.030406935753225728e-01
-9.016861705346762568e-01
-9.003227393096205899e-01
-8.989504133701221589e-01
-8.975692062740356914e-01
-8.961791316669542873e-01
-8.947802032820865170e-01
-8.933724349401099829e-01
-8.919558405490362052e-01
-8.905304341040641836e-01
-8.890962296874590498e-01
-8.876532414684132899e-01
-8.862014837028991954e-01
-8.847409707334987772e-01
-8.832717169893222753e-01
-8.817937369858125374e-01
-8.803070453246512050e-01
-8.788116566935445517e-01
-8.773075858661730786e-01
-8.757948477019332767e-01
-8.742734571459178650e-01
-8.727434292286394557e-01
-8.712047790659732671e-01
-8.696575218589612799e-01
-8.681016728937095417e-01
-8.665372475411775577e-01
-8.649642612570559441e-01
-8.633827295816364211e-01
-8.617926681396119726e-01
-8.601940926399384013e-01
-8.585870188757135368e-01
-8.569714627239862770e-01
-8.553474401455866127e-01
-8.537149671850130517e-01
-8.520740599702389950e-01
-8.504247347125529766e-01
-8.487670077064191076e-01
-8.471008953293172050e-01
-8.454264140415477247e-01
-8.437435803861169648e-01
-8.420524109885283437e-01
-8.403529225566436223e-01
-8.386451318805141497e-01
-8.369290558322152185e-01
-8.352047113656579924e-01
-8.334721155164889206e-01
-8.317312854018181767e-01
-8.299822382201512694e-01
-8.282249912511350232e-01
-8.264595618554532175e-01
-8.246859674746047641e-01
-8.229042256307812497e-01
-8.211143539266415603e-01
-8.193163700451882026e-01
-8.175102917495508104e-01
-8.156961368828339332e-01
-8.138739233679233021e-01
-8.120436692073423890e-01
-8.102053924830291409e-01
-8.083591113561822139e-01
-8.065048440671009899e-01
-8.046426089349667521e-01
-8.027724243576734864e-01
-8.008943088116717846e-01
-7.990082808517353641e-01
-7.971143591108419413e-01
-7.952125622999407506e-01
-7.933029092077816813e-01
-7.913854187007213214e-01
-7.894601097225676378e-01
-7.875270012943476061e-01
-7.855861125141631041e-01
-7.836374625569724195e-01
-7.816810706744137249e-01
-7.797169561946140082e-01
-7.777451385219752433e-01
-7.757656371370101889e-01
-7.737784715961660842e-01
-7.717836615315896154e-01
-7.697812266509569401e-01
-7.677711867372680743e-01
-7.657535616486510488e-01
-7.637283713181695077e-01
-7.616956357536670552e-01
-7.596553750374804848e-01
-7.576076093263137690e-01
-7.555523588510201227e-01
-7.534896439163779602e-01
-7.514194849009376842e-01
-7.493419022567834320e-01
-7.472569165093211341e-01
-7.451645482571156442e-01
-7.430648181716763556e-01
-7.409577469972175034e-01
-7.388433555504978489e-01
-7.367216647205878655e-01
-7.345926954686716748e-01
-7.324564688278547564e-01
-7.303130059029214749e-01
-7.281623278701596647e-01
-7.260044559771436923e-01
-7.238394115425016428e-01
-7.216672159557299127e-01
-7.194878906769843763e-01
-7.173014572368543451e-01
-7.151079372361346387e-01
-7.129073523456751493e-01
-7.106997243060639846e-01
-7.084850749275136694e-01
-7.062634260896030192e-01
-7.040347997410465464e-01
-7.017992178995079433e-01
-6.995567026513426212e-01
-6.973072761514168549e-01
-6.950509606229076098e-01
-6.927877783569974524e-01
-6.905177517127342179e-01
-6.882409031167947555e-01
-6.859572550632468957e-01
-6.836668301133219661e-01
-6.813696508952270525e-01
-6.790657401038794339e-01
-6.767551205006869797e-01
-6.744378149133707367e-01
-6.721138462356797127e-01
-6.697832374271958100e-01
-6.674460115131281013e-01
-6.651021915840182874e-01
-6.627518007955893742e-01
-6.603948623684469110e-01
-6.580313995879072397e-01
-6.556614358037420320e-01
-6.532849944299404799e-01
-6.509020989444923577e-01
-6.485127728891489918e-01
-6.461170398691942207e-01
-6.437149235532136915e-01
-6.413064476728492780e-01
-6.388916360225648239e-01
-6.364705124594285390e-01
-6.340431009028865139e-01
-6.316094253344729514e-01
-6.291695097976079953e-01
-6.267233783973849004e-01
-6.242710553002879248e-01
-6.218125647339811657e-01
-6.193479309870696392e-01
-6.168771784088215027e-01
-6.144003314089752088e-01
-6.119174144574519580e-01
-6.094284520841904973e-01
-6.069334688788298182e-01
-6.044324894904732348e-01
-6.019255386274897646e-01
-5.994126410572336860e-01
-5.968938216058086166e-01
-5.943691051578199325e-01
-5.918385166561419553e-01
-5.893020811016532745e-01
-5.867598235529895012e-01
-5.842117691263327695e-01
-5.816579429951159730e-01
-5.790983703897907287e-01
-5.765330765975853478e-01
-5.739620869622604760e-01
-5.713854268838438610e-01
-5.688031218183542403e-01
-5.662151972776336972e-01
-5.636216788289980517e-01
-5.610225920950423495e-01
-5.584179627533714108e-01
-5.558078165363680156e-01
-5.531921792308972519e-01
-5.505710766780829157e-01
-5.479445347730167448e-01
-5.453125794645559132e-01
-5.426752367550556899e-01
-5.400325327000328191e-01
-5.373844934080439506e-01
-5.347311450403122723e-01
-5.320725138105206753e-01
-5.294086259845538489e-01
-5.267395078802004083e-01
-5.240651858669628238e-01
-5.213856863657208018e-01
-5.187010358485164563e-01
-5.160112608382961819e-01
-5.133163879086000136e-01
-5.106164436833807718e-01
-5.079114548366387982e-01
-5.052014480922640827e-01
-5.024864502236819908e-01
-4.997664880536382137e-01
-4.970415884539377549e-01
-4.943117783451390079e-01
-4.915770846963322116e-01
-4.888375345248558435e-01
-4.860931548960108484e-01
-4.833439729228427573e-01
-4.805900157658010152e-01
-4.778313106325516868e-01
-4.750678847776351188e-01
-4.722997655022320718e-01
-4.695269801539194710e-01
-4.667495561263536596e-01
-4.639675208590232081e-01
-4.611809018369700808e-01
-4.583897265905155227e-01
-4.555940226950050409e-01
-4.527938177705219669e-01
-4.499891394816226131e-01
-4.471800155370408425e-01
-4.443664736894499256e-01
-4.415485417351522335e-01
-4.387262475138300477e-01
-4.358996189082673944e-01
-4.330686838440695463e-01
-4.302334702893866325e-01
-4.273940062546242036e-01
-4.245503197922033678e-01
-4.217024389962424902e-01
-4.188503920022993432e-01
-4.159942069871015446e-01
-4.131339121682530702e-01
-4.102695358039716855e-01
-4.074011061927613753e-01
-4.045286516732060078e-01
-4.016522006236525888e-01
-3.987717814619123335e-01
-3.958874226450090905e-01
-3.929991526688900727e-01
-3.901070000681526317e-01
-3.872109934157335620e-01
-3.843111613226489198e-01
-3.814075324377118603e-01
-3.785001354472513624e-01
-3.755889990748156326e-01
-3.726741520809014885e-01
-3.697556232626563189e-01
-3.668334414536205124e-01
-3.639076355233881177e-01
-3.609782343773971225e-01
-3.580452669565936663e-01
-3.551087622371457142e-01
-3.521687492301707190e-01
-3.492252569814406904e-01
-3.462783145711155197e-01
-3.433279511134327278e-01
-3.403741957564319631e-01
-3.374170776816567408e-01
-3.344566261038861565e-01
-3.314928702708066499e-01
-3.285258394627711409e-01
-3.255555629924883898e-01
-3.225820702047274557e-01
-3.196053904760081665e-01
-3.166255532143830154e-01
-3.136425878590674010e-01
-3.106565238801858309e-01
-3.076673907784771012e-01
-3.046752180850070824e-01
-3.016800353608593555e-01
-2.986818721968666490e-01
-2.956807582132942036e-01
-2.926767230595611613e-01
-2.896697964139702819e-01
-2.866600079833618864e-01
-2.836473875028706071e-01
-2.806319647355913216e-01
-2.776137694723102567e-01
-2.745928315312110013e-01
-2.715691807575734695e-01
-2.685428470234773601e-01
-2.655138602274882409e-01
-2.624822502944177960e-01
-2.594480471749668338e-01
-2.564112808454712122e-01
-2.533719813075701599e-01
-2.503301785879542551e-01
-2.472859027380400476e-01
-2.442391838336534782e-01
-2.411900519747621485e-01
-2.381385372851968774e-01
-2.350846699123232131e-01
-2.320284800267332359e-01
-2.289699978219804366e-01
-2.259092535142537550e-01
-2.228462773420948617e-01
-2.197810995660889888e-01
-2.167137504685925642e-01
-2.136442603533770801e-01
-2.105726595453988603e-01
-2.074989783904663265e-01
-2.044232472549179225e-01
-2.013454965253696216e-01
-1.982657566083505518e-01
-1.951840579300956613e-01
-1.921004309361585838e-01
-1.890149060911443801e-01
-1.859275138784120818e-01
-1.828382847997757632e-01
-1.797472493751813283e-01
-1.766544381424500765e-01
-1.735598816569171587e-01
-1.704636104911752548e-01
-1.673656552347466131e-01
-1.642660464937924225e-01
-1.611648148908324807e-01
-1.580619910643885073e-01
-1.549576056687229919e-01
-1.518516893735400719e-01
-1.487442728636481359e-01
-1.456353868386793815e-01
-1.425250620127971046e-01
-1.394133291143773157e-01
-1.363002188857018737e-01
-1.331857620826499278e-01
-1.300699894744154483e-01
-1.269529318432051912e-01
-1.238346199838974149e-01
-1.207150847037607722e-01
-1.175943568221771846e-01
-1.144724671702893326e-01
-1.113494465907112069e-01
-1.082253259372627230e-01
-1.051001360745928981e-01
-1.019739078779347552e-01
-9.884667223279014481e-02
-9.571846003457873397e-02
-9.258930218839590831e-02
-8.945922960867980223e-02
-8.632827321889860461e-02
-8.319646395124638549e-02
-8.006383274635135716e-02
-7.693041055296090391e-02
-7.379622832764433371e-02
-7.066131703445489853e-02
-6.752570764466905850e-02
-6.438943113646695970e-02
-6.125251849458504538e-02
-5.811500071009510077e-02
-5.497690878000524584e-02
-5.183827370701735160e-02
-4.869912649917826353e-02
-4.555949816962168858e-02
-4.241941973623539891e-02
-3.927892222130726502e-02
-3.613803665132443027e-02
-3.299679405657205550e-02
-2.985522547086668851e-02
-2.671336193127430217e-02
-2.357123447773170136e-02
-2.042887415280988592e-02
-1.728631200137610222e-02
-1.414357907027592037e-02
-1.100070640806976967e-02
-7.857725064672457793e-03
-4.714666091084982608e-03
-1.571560539094752837e-03
1.571560539093550023e-03
4.714666091087164022e-03
7.857725064664195305e-03
1.100070640805659271e-02
1.414357907025946479e-02
1.728631200135319346e-02
2.042887415279261154e-02
2.357123447771593272e-02
2.671336193125659758e-02
2.985522547085415687e-02
3.299679405654654119e-02
3.613803665129403098e-02
3.927892222127247340e-02
4.241941973618890832e-02
4.555949816958054788e-02
4.869912649912260666e-02
5.183827370695427011e-02
5.497690877995714542e-02
5.811500071004752771e-02
6.125251849453738906e-02
6.438943113640874238e-02
6.752570764461815478e-02
7.066131703440735323e-02
7.379622832759660800e-02
7.693041055292486330e-02
8.006383274632150604e-02
8.319646395121126081e-02
8.632827321886245298e-02
8.945922960863864071e-02
9.258930218835192960e-02
9.571846003453222951e-02
9.884667223273596592e-02
1.019739078778915953e-01
1.051001360745492247e-01
1.082253259372171622e-01
1.113494465906720299e-01
1.144724671702369856e-01
1.175943568221243102e-01
1.207150847037131575e-01
1.238346199838434025e-01
1.269529318431557863e-01
1.300699894743659879e-01
1.331857620825899480e-01
1.363002188856332897e-01
1.394133291143142550e-01
1.425250620127284373e-01
1.456353868386079942e-01
1.487442728635731681e-01
1.518516893734673801e-01
1.549576056686543801e-01
1.580619910643130677e-01
1.611648148907521283e-01
1.642660464937173714e-01
1.673656552346630411e-01
1.704636104910953187e-01
1.735598816568386660e-01
1.766544381423688359e-01
1.797472493751013922e-01
1.828382847996753158e-01
1.859275138783133829e-01
1.890149060910309431e-01
1.921004309360481166e-01
1.951840579299899681e-01
1.982657566082560441e-01
2.013454965252712836e-01
2.044232472548196677e-01
2.074989783903763152e-01
2.105726595453109584e-01
2.136442603532880402e-01
2.167137504684980009e-01
2.197810995660052225e-01
2.228462773420163412e-01
2.259092535141836999e-01
2.289699978219175147e-01
2.320284800266649849e-01
2.350846699122466632e-01
2.381385372851123339e-01
2.411900519746623117e-01
2.442391838335478682e-01
2.472859027379449570e-01
2.503301785878713215e-01
2.533719813074813421e-01
2.564112808453787307e-01
2.594480471748694117e-01
2.624822502943210401e-01
2.655138602273947046e-01
2.685428470233819920e-01
2.715691807574833749e-01
2.745928315311218504e-01
2.776137694722192739e-01
2.806319647354972302e-01
2.836473875027802349e-01
2.866600079832830605e-01
2.896697964138918446e-01
2.926767230594778391e-01
2.956807582132092160e-01
2.986818721967944290e-01
3.016800353607971830e-01
3.046752180849551239e-01
3.076673907784414630e-01
3.106565238801511919e-01
3.136425878590402005e-01
3.166255532143593121e-01
3.196053904759814657e-01
3.225820702046962585e-01
3.255555629924546945e-01
3.285258394627339484e-01
3.314928702707707897e-01
3.344566261038418031e-01
3.374170776816210471e-01
3.403741957563931053e-01
3.433279511133984219e-01
3.462783145710815469e-01
3.492252569814084939e-01
3.521687492301369682e-01
3.551087622371155716e-01
3.580452669565797330e-01
3.609782343773867419e-01
3.639076355233651361e-01
3.668334414535892041e-01
3.697556232626402761e-01
3.726741520808969366e-01
3.755889990748094154e-01
3.785001354472537494e-01
3.814075324377278475e-01
3.843111613226678491e-01
3.872109934157563216e-01
3.901070000681846062e-01
3.929991526689349812e-01
3.958874226450445621e-01
3.987717814619420320e-01
4.016522006236832865e-01
4.045286516732506388e-01
4.074011061928056177e-01
4.102695358040091000e-01
4.131339121683024196e-01
4.159942069871521153e-01
4.188503920023404770e-01
4.217024389962791830e-01
4.245503197922445016e-01
4.273940062546726093e-01
4.302334702894384244e-01
4.330686838441269448e-01
4.358996189083253481e-01
4.387262475138886675e-01
4.415485417352071895e-01
4.443664736895081013e-01
4.471800155370990737e-01
4.499891394816751822e-01
4.527938177705708167e-01
4.555940226950604965e-01
4.583897265905642615e-01
4.611809018370118807e-01
4.639675208590722799e-01
4.667495561264033976e-01
4.695269801539665444e-01
4.722997655022757590e-01
4.750678847776760305e-01
4.778313106325894344e-01
4.805900157658526406e-01
4.833439729228976578e-01
4.860931548960630844e-01
4.888375345249030279e-01
4.915770846963751772e-01
4.943117783451827507e-01
4.970415884539818308e-01
4.997664880536897836e-01
5.024864502237302855e-01
5.052014480923184836e-01
5.079114548366964188e-01
5.106164436834284004e-01
5.133163879086528603e-01
5.160112608383383703e-01
5.187010358485664163e-01
5.213856863657621021e-01
5.240651858670032359e-01
5.267395078802447062e-01
5.294086259845810494e-01
5.320725138105558694e-01
5.347311450403448019e-01
5.373844934080729274e-01
5.400325327000652376e-01
5.426752367550776723e-01
5.453125794645944380e-01
5.479445347730427240e-01
5.505710766781188870e-01
5.531921792309418828e-01
5.558078165364068735e-01
5.584179627534024970e-01
5.610225920950652201e-01
5.636216788290100421e-01
5.662151972776447995e-01
5.688031218183672300e-01
5.713854268838455264e-01
5.739620869622691357e-01
5.765330765975966720e-01
5.790983703898073820e-01
5.816579429951146407e-01
5.842117691263361001e-01
5.867598235529943862e-01
5.893020811016503879e-01
5.918385166561418442e-01
5.943691051578170459e-01
5.968938216058159441e-01
5.994126410572385710e-01
6.019255386275006448e-01
6.044324894904762324e-01
6.069334688788314836e-01
6.094284520841907193e-01
6.119174144574520691e-01
6.144003314089631074e-01
6.168771784088130650e-01
6.193479309870659755e-01
6.218125647339874940e-01
6.242710553002828178e-01
6.267233783973783501e-01
6.291695097976038875e-01
6.316094253344645137e-01
6.340431009028962839e-01
6.364705124594438601e-01
6.388916360225705970e-01
6.413064476728491670e-01
6.437149235532170222e-01
6.461170398691951089e-01
6.485127728891532106e-01
6.509020989445021277e-01
6.532849944299473632e-01
6.556614358037532453e-01
6.580313995879298883e-01
6.603948623684676722e-01
6.627518007956130219e-01
6.651021915840571452e-01
6.674460115131600757e-01
6.697832374272317812e-01
6.721138462357058030e-01
6.744378149133890554e-01
6.767551205007028559e-01
6.790657401038893148e-01
6.813696508952510333e-01
6.836668301133389525e-01
6.859572550632468957e-01
6.882409031167951996e-01
6.905177517127215614e-01
6.927877783569690306e-01
6.950509606228824078e-01
6.973072761514071960e-01
6.995567026513237474e-01
7.017992178994891805e-01
7.040347997410320025e-01
7.062634260895847005e-01
7.084850749274943515e-01
7.106997243060338976e-01
7.129073523456433970e-01
7.151079372361049957e-01
7.173014572368250352e-01
7.194878906769630600e-01
7.216672159557008248e-01
7.238394115424635622e-01
7.260044559770957306e-01
7.281623278701168100e-01
7.303130059028711818e-01
7.324564688278043523e-01
7.345926954686227139e-01
7.367216647205243607e-01
7.388433555504320127e-01
7.409577469971463382e-01
7.430648181716005274e-01
7.451645482570480317e-01
7.472569165092469712e-01
7.493419022567031629e-01
7.514194849008636323e-01
7.534896439163034643e-01
7.555523588509306387e-01
7.576076093262269495e-01
7.596553750373841174e-01
7.616956357535737965e-01
7.637283713180793576e-01
7.657535616485399155e-01
7.677711867371587173e-01
7.697812266508472501e-01
7.717836615314837001e-01
7.737784715960609461e-01
7.757656371369028303e-01
7.777451385218634439e-01
7.797169561945105354e-01
7.816810706743224646e-01
7.836374625568743868e-01
7.855861125140707335e-01
7.875270012942501285e-01
7.894601097224690500e-01
7.913854187006271745e-01
7.933029092076926414e-01
7.952125622998555965e-01
7.971143591107663351e-01
7.990082808516484336e-01
8.008943088115859643e-01
8.027724243575846685e-01
8.046426089348761579e-01
8.065048440670223862e-01
8.083591113561183761e-01
8.102053924829675235e-01
8.120436692072822149e-01
8.138739233678694562e-01
8.156961368827795322e-01
8.175102917494951882e-01
8.193163700451262521e-01
8.211143539265700619e-01
8.229042256307055325e-01
8.246859674745293800e-01
8.264595618553792766e-01
8.282249912510687428e-01
8.299822382200929827e-01
8.317312854017542278e-01
8.334721155164178663e-01
8.352047113655880484e-01
8.369290558321301754e-01
8.386451318804263311e-01
8.403529225565525840e-01
8.420524109884418573e-01
8.437435803860340311e-01
8.454264140414665674e-01
8.471008953292351595e-01
8.487670077063478313e-01
8.504247347124841427e-01
8.520740599701738249e-01
8.537149671849694199e-01
8.553474401455548604e-01
8.569714627239578553e-01
8.585870188756928867e-01
8.601940926399076481e-01
8.617926681395717825e-01
8.633827295816098868e-01
8.649642612570384026e-01
8.665372475411550202e-01
8.681016728936925553e-01
8.696575218589505107e-01
8.712047790659575019e-01
8.727434292286219142e-01
8.742734571458977699e-01
8.757948477019279476e-01
8.773075858661576465e-01
8.788116566935377794e-01
8.803070453246323313e-01
8.817937369857908880e-01
8.832717169892966291e-01
8.847409707334714657e-01
8.862014837028741043e-01
8.876532414683981909e-01
8.890962296874408421e-01
8.905304341040386484e-01
8.919558405490003450e-01
8.933724349400742337e-01
8.947802032820559859e-01
8.961791316669237561e-01
8.975692062740110444e-01
8.989504133701012867e-01
9.003227393096118192e-01
9.016861705346750355e-01
9.030406935753074738e-01
9.043862950495465958e-01
9.057229616635520397e-01
9.070506802117430656e-01
9.083694375769835183e-01
9.096792207306334532e-01
9.109800167327355425e-01
9.122718127321011172e-01
9.135545959664717053e-01
9.148283537626251682e-01
9.160930735365119260e-01
9.173487427933432192e-01
9.185953491277859539e-01
9.198328802240248736e-01
9.210613238558935656e-01
9.222806678870306696e-01
9.234909002709457138e-01
9.246920090511969725e-01
9.258839823614569697e-01
9.270668084256451502e-01
9.282404755580792033e-01
9.294049721635353478e-01
9.305602867374054288e-01
9.317064078657781856e-01
9.328433242255982361e-01
9.339710245847269166e-01
9.350894978020820592e-01
9.361987328277171505e-01
9.372987187029985234e-01
9.383894445606247858e-01
9.394708996248068988e-01
9.405430732113371217e-01
9.416059547277105812e-01
9.426595336732231933e-01
9.437037996390541528e-01
9.447387423084192548e-01
9.457643514566145271e-01
9.467806169511716607e-01
9.477875287519288428e-01
9.487850769111270122e-01
9.497732515735000103e-01
9.507520429764234615e-01
9.517214414499356456e-01
9.526814374168947053e-01
9.536320213930472578e-01
9.545731839871313129e-01
9.555049159009482151e-01
9.564272079294817708e-01
9.573400509609716336e-01
9.582434359770231058e-01
9.591373540526472175e-01
9.600217963564116053e-01
9.608967541504868093e-01
9.617622187907579612e-01
9.626181817268921748e-01
9.634646345024193703e-01
9.643015687548401882e-01
9.651289762156761709e-01
9.659468487105684620e-01
9.667551781593918259e-01
9.675539565762604211e-01
9.683431760696729063e-01
9.691228288425448589e-01
9.698929071923216849e-01
9.706534035110462311e-01
9.714043102854171829e-01
9.721456200968525696e-01
9.728773256216223242e-01
9.735994196308348503e-01
9.743118949906042214e-01
9.750147446620464065e-01
9.757079617013739714e-01
9.763915392599582521e-01
9.770654705844273868e-01
9.777297490166794169e-01
9.783843679940167348e-01
9.790293210491186615e-01
9.796646018102125320e-01
9.802902040010369467e-01
9.809061214409874330e-01
9.815123480451269922e-01
9.821088778242543782e-01
9.826957048849640497e-01
9.832728234297142267e-01
9.838402277568717436e-01
9.843979122607925403e-01
9.849458714318490848e-01
9.854840998564907695e-01
9.860125922172876534e-01
9.865313432930248316e-01
9.870403479587147588e-01
9.875396011856690803e-01
9.880290980415186164e-01
9.885088336903002926e-01
9.889788033924727939e-01
9.894390025049797366e-01
9.898894264813052901e-01
9.903300708714992684e-01
9.907609313222093261e-01
9.911820035767764381e-01
9.915932834752216873e-01
9.919947669543283109e-01
9.923864500476402561e-01
9.927683288855368993e-01
9.931403996952523627e-01
9.935026588009341353e-01
9.938551026236378538e-01
9.941977276814116804e-01
9.945305305893082926e-01
9.948535080594000934e-01
9.951666569008371654e-01
9.954699740198966751e-01
9.957634564199366878e-01
9.960471012015250647e-01
9.963209055623867272e-01
9.965848667974905872e-01
9.968389822990303406e-01
9.970832495564847520e-01
9.973176661566048873e-01
9.975422297834900531e-01
9.977569382185739189e-01
9.979617893406629303e-01
9.981567811259044465e-01
9.983419116479029798e-01
9.985171790776554701e-01
9.986825816836117919e-01
9.988381178316874109e-01
9.989837859852770396e-01
9.991195847052628531e-01
9.992455126499911744e-01
9.993615685753826083e-01
9.994677513348529940e-01
9.995640598793839038e-01
9.996504932574939994e-01
9.997270506152680092e-01
9.997937311963605023e-01
9.998505343420009961e-01
9.998974594910023939e-01
9.999345061797750844e-01
9.999616740423200589e-01
9.999789628102213612e-01
9.999863723126765080e-01
9.999839024764853868e-01
9.999715533260591371e-01
9.999493249833917297e-01
9.999172176680908297e-01
9.998752316973530396e-01
9.998233674859849929e-01
9.997616255463663837e-01
9.996900064884868264e-01
9.996085110198925650e-01
9.995171399457328798e-01
9.994158941686906994e-01
9.993047746890370009e-01
9.991837826045556481e-01
9.990529191105955720e-01
9.989121855000032690e-01
9.987615831631840857e-01
9.986011135879920841e-01
9.984307783597761166e-01
9.982505791613566215e-01
9.980605177730248467e-01
9.978605960724793444e-01
9.976508160348505072e-01
9.974311797326225193e-01
9.972016893357181777e-01
9.969623471113665536e-01
9.967131554241470681e-01
9.964541167359376450e-01
9.961852336059124902e-01
9.959065086904895781e-01
9.956179447433225471e-01
9.953195446152731662e-01
9.950113112543810256e-01
9.946932477058280098e-01
9.943653571119235313e-01
9.940276427120370295e-01
9.936801078426147349e-01
9.933227559371202720e-01
9.929555905259987991e-01
9.925786152366607995e-01
9.921918337934103604e-01
9.917952500174453956e-01
9.913888678268049093e-01
9.909726912363397977e-01
9.905467243576646652e-01
9.901109713990847716e-01
9.896654366656136848e-01
9.892101245589122183e-01
9.887450395772182654e-01
9.882701863153241506e-01
9.877855694645377715e-01
9.872911938126063269e-01
9.867870642437182038e-01
9.862731857383932876e-01
9.857495633734792984e-01
9.852162023220901732e-01
9.846731078535491122e-01
9.841202853333542722e-01
9.835577402231149291e-01
9.829854780804541114e-01
9.824035045590215898e-01
9.818118254084200469e-01
9.812104464741295828e-01
9.805993736974549790e-01
9.799786131154627489e-01
9.793481708609562686e-01
9.787080531623629787e-01
9.780582663437106250e-01
9.773988168245447694e-01
9.767297111198900428e-01
9.760509558401466723e-01
9.753625576910719408e-01
9.746645234736663888e-01
9.739568600841463919e-01
9.732395745138462395e-01
9.725126738491856049e-01
9.717761652715445342e-01
9.710300560572487916e-01
9.702743535774529526e-01
9.695090652981155355e-01
9.687341987798778753e-01
9.679497616779966229e-01
9.671557617423247599e-01
9.663522068171402912e-01
9.655391048411554600e-01
9.647164638473814113e-01
9.638842919630830064e-01
9.630425974096683550e-01
9.621913885026565083e-01
9.613306736515303541e-01
9.604604613597012008e-01
9.595807602244144086e-01
9.586915789366494689e-01
9.577929262810377375e-01
9.568848111358079223e-01
9.559672424726507467e-01
9.550402293566693235e-01
9.541037809462661334e-01
9.531579064930464362e-01
9.522026153417607608e-01
9.512379169301719006e-01
9.502638207890036215e-01
9.492803365418100991e-01
9.482874739049123036e-01
9.472852426872514497e-01
9.462736527903453654e-01
9.452527142081702527e-01
9.442224370270537737e-01
9.431828314256126555e-01
9.421339076745758323e-01
9.410756761367852219e-01
9.400081472670035465e-01
9.389313316118574892e-01
9.378452398096912557e-01
9.367498825905573590e-01
9.356452707759698173e-01
9.345314152789373496e-01
9.334083271037647567e-01
9.322760173459565536e-01
9.311344971921524660e-01
9.299837779199592314e-01
9.288238708978934222e-01
9.276547875852119152e-01
9.264765395318436125e-01
9.252891383782544388e-01
9.240925958553395381e-01
9.228869237843300155e-01
9.216721340766109716e-01
9.204482387336775373e-01
9.192152498469646771e-01
9.179731795977567055e-01
9.167220402570378512e-01
9.154618441854170952e-01
9.141926038329815096e-01
9.129143317391301693e-01
9.116270405325318515e-01
9.103307429309575038e-01
9.090254517411314739e-01
9.077111798586368074e-01
9.063879402678025610e-01
9.050557460415309396e-01
9.037146103411993758e-01
9.023645464165289676e-01
9.010055676054332663e-01
8.996376873338979285e-01
8.982609191158817952e-01
8.968752765531077253e-01
8.954807733350118593e-01
8.940774232385395592e-01
8.926652401280655846e-01
8.912442379552099059e-01
8.898144307587091406e-01
8.883758326643163006e-01
8.869284578846164946e-01
8.854723207189190148e-01
8.840074355530963546e-01
8.825338168594379917e-01
8.810514791965009529e-01
8.795604372090343182e-01
8.780607056277273115e-01
8.765522992691400228e-01
8.750352330355319896e-01
8.735095219147244183e-01
8.719751809799339837e-01
8.704322253896542572e-01
8.688806703874544235e-01
8.673205313018886864e-01
8.657518235463149692e-01
8.641745626187353757e-01
8.625887641016410923e-01
8.609944436619099140e-01
8.593916170505716545e-01
8.577803001027290986e-01
8.561605087373341805e-01
8.545322589570661931e-01
8.528955668481693619e-01
8.512504485803181753e-01
8.495969204064033331e-01
8.479349986624147295e-01
8.462646997672668148e-01
8.445860402226390562e-01
8.428990366127824263e-01
8.412037056044288086e-01
8.395000639465428627e-01
8.377881284701971243e-01
8.360679160884288974e-01
8.343394437960230947e-01
8.326027286693687968e-01
8.308577878663121474e-01
8.291046386259431911e-01
8.273432982684488790e-01
8.255737841949393196e-01
8.237961138872950118e-01
8.220103049079535706e-01
8.202163748997782777e-01
8.184143415858337045e-01
8.166042227692771327e-01
8.147860363331256295e-01
8.129598002401057233e-01
8.111255325324591148e-01
8.092832513317708143e-01
8.074329748388304751e-01
8.055747213334064627e-01
8.037085091740369114e-01
8.018343567979289155e-01
7.999522827207137254e-01
7.980623055363000873e-01
7.961644439166603027e-01
7.942587166116764630e-01
7.923451424489155182e-01
7.904237403335003798e-01
7.884945292478668932e-01
7.865575282516085176e-01
7.846127564812539479e-01
7.826602331501398835e-01
7.806999775481666681e-01
7.787320090416217644e-01
7.767563470730077801e-01
7.747730111608117642e-01
7.727820208993657625e-01
7.707833959585932426e-01
7.687771560838461138e-01
7.667633210957361944e-01
7.647419108898836360e-01
7.627129454367583827e-01
7.606764447814670094e-01
7.586324290435759732e-01
7.565809184168619250e-01
7.545219331691784825e-01
7.524554936422198637e-01
7.503816202513249323e-01
7.483003334852593724e-01
7.462116539060448250e-01
7.441156021487399519e-01
7.420121989212253855e-01
7.399014650040189878e-01
7.377834212500622435e-01
7.356580885845058759e-01
7.335254880045196657e-01
7.313856405790696291e-01
7.292385674487262825e-01
7.270842898254601394e-01
7.249228289923650426e-01
7.227542063035501396e-01
7.205784431838633264e-01
7.183955611286998444e-01
7.162055817037983330e-01
7.140085265449860330e-01
7.118044173580204692e-01
7.095932759183282146e-01
7.073751240708238130e-01
7.051499837296867357e-01
7.029178768781292330e-01
7.006788255681881683e-01
6.984328519205227348e-01
6.961799781241534424e-01
6.939202264362926975e-01
6.916536191821026636e-01
6.893801787544628912e-01
6.870999276137516043e-01
6.848128882876791668e-01
6.825190833709700033e-01
6.802185355252166055e-01
6.779112674786116344e-01
6.755973020257519668e-01
6.732766620274128755e-01
6.709493704102802436e-01
6.686154501667622707e-01
6.662749243547827493e-01
6.639278160974751986e-01
6.615741485830516355e-01
6.592139450645093657e-01
6.568472288594178199e-01
6.544740233496828541e-01
6.520943519813202638e-01
6.497082382642364040e-01
6.473157057719607366e-01
6.449167781414648637e-01
6.425114790729006264e-01
6.400998323293414227e-01
6.376818617365930253e-01
6.352575911829496658e-01
6.328270446188959397e-01
6.303902460569682509e-01
6.279472195714455030e-01
6.254979892981449296e-01
6.230425794341678536e-01
6.205810142376804173e-01
6.181133180276497940e-01
6.156395151836010493e-01
6.131596301454185216e-01
6.106736874130583859e-01
6.081817115463079571e-01
6.056837271645982845e-01
6.031797589466904030e-01
6.006698316304751595e-01
5.981539700127110892e-01
5.956321989487719515e-01
5.931045433524428923e-01
5.905710281956312313e-01
5.880316785081211028e-01
5.854865193773615140e-01
5.829355759481777977e-01
5.803788734225571178e-01
5.778164370593498189e-01
5.752482921741020050e-01
5.726744641387218060e-01
5.700949783812730987e-01
5.675098603857196000e-01
5.649191356916545281e-01
5.623228298940933234e-01
5.597209686431625641e-01
5.571135776438821408e-01
5.545006826558821489e-01
5.518823094932203688e-01
5.492584840240174460e-01
5.466292321702977963e-01
5.439945799076898458e-01
5.413545532651690140e-01
5.387091783248055821e-01
5.360584812215017925e-01
5.334024881427668063e-01
5.307412253284027326e-01
5.280747190702818061e-01
5.254029957120690542e-01
5.227260816490123529e-01
5.200440033276024776e-01
5.173567872453500582e-01
5.146644599505557638e-01
5.119670480419709069e-01
5.092645781686149231e-01
5.065570770294710590e-01
5.038445713732238040e-01
5.011270879979983217e-01
4.984046537510867236e-01
4.956772955287269133e-01
4.929450402757691863e-01
4.902079149854547402e-01
4.874659466991460022e-01
4.847191625060342512e-01
4.819675895429151868e-01
4.792112549938733479e-01
4.764501860900388630e-01
4.736844101093305448e-01
4.709139543761460267e-01
4.681388462611265622e-01
4.653591131808909043e-01
4.625747825977305494e-01
4.597858820193655993e-01
4.569924389986755875e-01
4.541944811333927801e-01
4.513920360658594255e-01
4.485851314827724035e-01
4.457737951148539324e-01
4.429580547366530063e-01
4.401379381661754131e-01
4.373134732647075973e-01
4.344846879364595571e-01
4.316516101283555118e-01
4.288142678297000021e-01
4.259726890719526260e-01
4.231269019284084054e-01
4.202769345139329982e-01
4.174228149847100666e-01
4.145645715379438490e-01
4.117022324115634513e-01
4.088358258839912551e-01
4.059653802738009687e-01
4.030909239394776522e-01
4.002124852791483778e-01
3.973300927302550467e-01
3.944437747693267382e-01
3.915535599116711785e-01
3.886594767110830850e-01
3.857615537595747157e-01
3.828598196871050852e-01
3.799543031612853672e-01
3.770450328870711965e-01
3.741320376065322417e-01
3.712153460985294640e-01
3.682949871784405027e-01
3.653709896978643012e-01
3.624433825443506563e-01
3.595121946411273250e-01
3.565774549467758403e-01
3.536391924549991406e-01
3.506974361942674645e-01
3.477522152275825396e-01
3.448035586521819851e-01
3.418514955992394411e-01
3.388960552335699150e-01
3.359372667533773726e-01
3.329751593899415996e-01
3.300097624073101144e-01
3.270411051020536419e-01
3.240692168029405962e-01
3.210941268706514196e-01
3.181158646975233983e-01
3.151344597072097686e-01
3.121499413544168156e-01
3.091623391246312025e-01
3.061716825337734149e-01
3.031780011279563425e-01
3.001813244831869065e-01
2.971816822050419304e-01
2.941791039284015197e-01
2.911736193171553522e-01
2.881652580639294525e-01
2.851540498897348064e-01
2.821400245437186705e-01
2.791232118028774134e-01
2.761036414717233933e-01
2.730813433820284963e-01
2.700563473924901814e-01
2.670286833884858435e-01
2.639983812817354725e-01
2.609654710100260955e-01
2.579299825369219534e-01
2.548919458514508629e-01
2.518513909678066209e-01
2.488083479250858543e-01
2.457628467869335531e-01
2.427149176413061771e-01
2.396645906001421689e-01
2.366118957990566984e-01
2.335568633970571684e-01
2.304995235762717365e-01
2.274399065416027044e-01
2.243780425204550677e-01
2.213139617624281796e-01
2.182476945390318668e-01
2.151792711433753447e-01
2.121087218898539961e-01
2.090360771138768947e-01
2.059613671715701810e-01
2.028846224394382225e-01
1.998058733141006849e-01
1.967251502119714279e-01
1.936424835689734836e-01
1.905579038402395453e-01
1.874714414997835088e-01
1.843831270402372380e-01
1.812929909725064237e-01
1.782010638255195623e-01
1.751073761458845635e-01
1.720119584976149973e-01
1.689148414617855642e-01
1.658160556362903160e-01
1.627156316355087007e-01
1.596136000899882057e-01
1.565099916461762941e-01
1.534048369660812039e-01
1.502981667270011090e-01
1.471900116212086496e-01
1.440804023556207514e-01
1.409693696515438022e-01
1.378569442443468296e-01
1.347431568831541915e-01
1.316280383305485358e-01
1.285116193622472536e-01
1.253939307668440473e-01
1.222750033454454432e-01
1.191548679114234899e-01
1.160335552900749051e-01
1.129110963183113520e-01
1.097875218443798429e-01
1.066628627275662405e-01
1.035371498378533650e-01
1.004104140556390939e-01
9.728268627141374580e-02
9.415399738549209974e-02
9.102437830767846905e-02
8.789385995694376508e-02
8.476247326116438663e-02
8.163024915679165106e-02
7.849721858856584245e-02
7.536341250916812895e-02
7.222886187894488053e-02
6.909359766560875526e-02
6.595765084392490873e-02
6.282105239538901542e-02
5.968383330794718028e-02
5.654602457567393936e-02
5.340765719844917797e-02
5.026876218170563820e-02
4.712937053607412635e-02
4.398951327708353065e-02
4.084922142487763808e-02
3.770852600386983416e-02
3.456745804249336529e-02
3.142604857283693570e-02
2.828432863036942080e-02
2.514232925363534682e-02
2.200008148392873161e-02
1.885761636501361027e-02
1.571496494276876377e-02
1.257215826496043548e-02
9.429227380840909251e-03
6.286203340921937138e-03
3.143117196632526627e-03
0.000000000000000000e+00
