0.000000000000000000e+00
6.288205348346728903e-03
1.257616195187338456e-02
1.886362107560458912e-02
2.515033400422521728e-02
3.143605205196144808e-02
3.772052657240118623e-02
4.400350896829666875e-02
5.028475070142968822e-02
5.656400330243769453e-02
6.284101838065477008e-02
6.911554763391872247e-02
7.538734285840259508e-02
8.165615595842244667e-02
8.792173895627178326e-02
9.418384400200800755e-02
1.004422233832750339e-01
1.066966295350887522e-01
1.129468150496507478e-01
1.191925326860799467e-01
1.254335353802661646e-01
1.316695762546053194e-01
1.379004086277739460e-01
1.441257860244790912e-01
1.503454621851797735e-01
1.565591910759238370e-01
1.627667268979699489e-01
1.689678240975771295e-01
1.751622373756958062e-01
1.813497216976644455e-01
1.875300323029352734e-01
1.937029247147056266e-01
1.998681547496431454e-01
2.060254785275088263e-01
2.121746524808166834e-01
2.183154333644468370e-01
2.244475782653190254e-01
2.305708446119414390e-01
2.366849901840472337e-01
2.427897731221624611e-01
2.488849519371883201e-01
2.549702855199129647e-01
2.610455331505914245e-01
2.671104545084506121e-01
2.731648096811953863e-01
2.792083591745035953e-01
2.852408639214947805e-01
2.912620852921966041e-01
2.972717851029748060e-01
3.032697256259445084e-01
3.092556695984075565e-01
3.152293802321983196e-01
3.211906212230764557e-01
3.271391567600838157e-01
3.330747515348296273e-01
3.389971707508477872e-01
3.449061801328529020e-01
3.508015459360117050e-01
3.566830349552017054e-01
3.625504145342339224e-01
3.684034525750505273e-01
3.742419175468992831e-01
3.800655784955097594e-01
3.858742050522009359e-01
3.916675674430269982e-01
3.974454364978605714e-01
4.032075836594382623e-01
4.089537809924091438e-01
4.146838011923623113e-01
4.203974175948107517e-01
4.260944041841662200e-01
4.317745356026560510e-01
4.374375871592692810e-01
4.430833348386177262e-01
4.487115553098111609e-01
4.543220259352848123e-01
4.599145247796335711e-01
4.654888306183505575e-01
4.710447229465831720e-01
4.765819819878976404e-01
4.821003887029292057e-01
4.875997247980562443e-01
4.930797727340489045e-01
4.985403157346603442e-01
5.039811377952193583e-01
5.094020236911579458e-01
5.148027589865057374e-01
5.201831300424438753e-01
5.255429240256701551e-01
5.308819289168620337e-01
5.361999335190729132e-01
5.414967274660921204e-01
5.467721012306839823e-01
5.520258461329894395e-01
5.572577543487168272e-01
5.624676189173773988e-01
5.676552337504677803e-01
5.728203936396232265e-01
5.779628942647411227e-01
5.830825322020728452e-01
5.881791049322316889e-01
5.932524108482409853e-01
5.983022492635082790e-01
6.033284204197283396e-01
6.083307254948364662e-01
6.133089666108332283e-01
6.182629468416187546e-01
6.231924702208149203e-01
6.280973417494835065e-01
6.329773674038344788e-01
6.378323541429291588e-01
6.426621099162832529e-01
6.474664436715055205e-01
6.522451653618283052e-01
6.569980859536203033e-01
6.617250174338670243e-01
6.664257728176476991e-01
6.711001661554589770e-01
6.757480125406331029e-01
6.803691281166326377e-01
6.849633300843015471e-01
6.895304367091288356e-01
6.940702673284240287e-01
6.985826423584690081e-01
7.030673833015953500e-01
7.075243127532809817e-01
7.119532544091494719e-01
7.163540330719631033e-01
7.207264746585172466e-01
7.250704062065574940e-01
7.293856558816015356e-01
7.336720529837612581e-01
7.379294279544602597e-01
7.421576123831832295e-01
7.463564390141037563e-01
7.505257417527131381e-01
7.546653556723966760e-01
7.587751170209379170e-01
7.628548632270044649e-01
7.669044329066143639e-01
7.709236658694611499e-01
7.749124031253034062e-01
7.788704868902026623e-01
7.827977605928067018e-01
7.866940688805315052e-01
7.905592576256822435e-01
7.943931739315989171e-01
7.981956661386514496e-01
8.019665838302973970e-01
8.057057778389565827e-01
8.094131002519998619e-01
8.130884044175157310e-01
8.167315449501678648e-01
8.203423777369166503e-01
8.239207599427458284e-01
8.274665500162859955e-01
8.309796076954473198e-01
8.344597940129291347e-01
8.379069713017270882e-01
8.413210032006217531e-01
8.447017546594943749e-01
8.480490919447318809e-01
8.513628826445229780e-01
8.546429956740279055e-01
8.578893012806244611e-01
8.611016710490284609e-01
8.642799779063755627e-01
8.674240961272151607e-01
8.705339013385254843e-01
8.736092705246197854e-01
8.766500820319954590e-01
8.796562155741751710e-01
8.826275522364519510e-01
8.855639744805716695e-01
8.884653661494205101e-01
8.913316124715844335e-01
8.941626000659220752e-01
8.969582169460385002e-01
8.997183525246983393e-01
9.024428976182296003e-01
9.051317444507928078e-01
9.077847866587179793e-01
9.104019192946354311e-01
9.129830388316956258e-01
9.155280431676041664e-01
9.180368316287150776e-01
9.205093049739574429e-01
9.229453653988222150e-01
9.253449165391810505e-01
9.277078634751045882e-01
9.300341127346580805e-01
9.323235722975563577e-01
9.345761515988149082e-01
9.367917615323227976e-01
9.389703144544155888e-01
9.411117241872722916e-01
9.432159060223812563e-01
9.452827767238474177e-01
9.473122545317337329e-01
9.493042591652448570e-01
9.512587118259202557e-01
9.531755352007741378e-01
9.550546534653268083e-01
9.568959922866204781e-01
9.586994788261471445e-01
9.604650417427337272e-01
9.621926111953696958e-01
9.638821188459587574e-01
9.655334978620296882e-01
9.671466829193877679e-01
9.687216102047040422e-01
9.702582174179830155e-01
9.717564437751148310e-01
9.732162300102000785e-01
9.746375183779663054e-01
9.760202526559714764e-01
9.773643781469086855e-01
9.786698416807145806e-01
9.799365916166954404e-01
9.811645778455536648e-01
9.823537517914086026e-01
9.835040664136696087e-01
9.846154762089295298e-01
9.856879372127468342e-01
9.867214070013944349e-01
9.877158446935208058e-01
9.886712109518043246e-01
9.895874679844637312e-01
9.904645795468078884e-01
9.913025109425874781e-01
9.921012290254577204e-01
9.928607022002506888e-01
9.935809004241977771e-01
9.942617952081649335e-01
9.949033596177464522e-01
9.955055682743504386e-01
9.960683973561743620e-01
9.965918245991975954e-01
9.970758292980121951e-01
9.975203923066849887e-01
9.979254960394587926e-01
9.982911244715084731e-01
9.986172631395334731e-01
9.989038991423428993e-01
9.991510211413906495e-01
9.993586193611568858e-01
9.995266855896232094e-01
9.996552131785165773e-01
9.997441970436345970e-01
9.997936336650250500e-01
9.998035210870755973e-01
9.997738589186877523e-01
9.997046483332061584e-01
9.995958920684234750e-01
9.994475944264569200e-01
9.992597612735570900e-01
9.990324000399243287e-01
9.987655197193542334e-01
9.984591308689381162e-01
9.981132456086084792e-01
9.977278776206769395e-01
9.973030421492771191e-01
9.968387559997838876e-01
9.963350375381356816e-01
9.957919066900930982e-01
9.952093849404911596e-01
9.945874953323545764e-01
9.939262624659918055e-01
9.932257124980463647e-01
9.924858731404055945e-01
9.917067736591808069e-01
9.908884448734761596e-01
9.900309191542383536e-01
9.891342304229108207e-01
9.881984141501443109e-01
9.872235073543446093e-01
9.862095486002575573e-01
9.851565779974263970e-01
9.840646371985886098e-01
9.829337693980390034e-01
9.817640193299358442e-01
9.805554332665018524e-01
9.793080590162022148e-01
9.780219459218838507e-01
9.766971448587907778e-01
9.753337082325570506e-01
9.739316899771364167e-01
9.724911455526744630e-01
9.710121319433068221e-01
9.694947076549256249e-01
9.679389327128075093e-01
9.663448686593353321e-01
9.647125785514494289e-01
9.630421269582712940e-01
9.613335799584388219e-01
9.595870051375673393e-01
9.578024715855577575e-01
9.559800498938592073e-01
9.541198121526476283e-01
9.522218319480328930e-01
9.502861843590967306e-01
9.483129459549777263e-01
9.463021947917465981e-01
9.442540104094434561e-01
9.421684738288358396e-01
9.400456675482448121e-01
9.378856755402951162e-01
9.356885832485567489e-01
9.334544775842200659e-01
9.311834469226081268e-01
9.288755810997172402e-01
9.265309714086343851e-01
9.241497105959063374e-01
9.217318928579533166e-01
9.192776138372609207e-01
9.167869706186506651e-01
9.142600617253734407e-01
9.116969871152943439e-01
9.090978481768730024e-01
9.064627477252195087e-01
9.037917899979279746e-01
9.010850806510600775e-01
8.983427267548986794e-01
8.955648367897239837e-01
8.927515206415336246e-01
8.899028895977131315e-01
8.870190563425685015e-01
8.841001349529505893e-01
8.811462408936906465e-01
8.781574910130518496e-01
8.751340035380862359e-01
8.720758980699916396e-01
8.689832955793544977e-01
8.658563184013663427e-01
8.626950902310153158e-01
8.594997361181246909e-01
8.562703824624920967e-01
8.530071570088381128e-01
8.497101888417381010e-01
8.463796083805524839e-01
8.430155473742720895e-01
8.396181388962855596e-01
8.361875173391044580e-01
8.327238184090800521e-01
8.292271791209898657e-01
8.256977377926695283e-01
8.221356340395145068e-01
8.185410087689393155e-01
8.149140041748585972e-01
8.112547637319900140e-01
8.075634321902482871e-01
8.038401555689786981e-01
8.000850811511628358e-01
7.962983574776618667e-01
7.924801343412715138e-01
7.886305627808211094e-01
7.847497950752111429e-01
7.808379847373845273e-01
7.768952865082412451e-01
7.729218563505244610e-01
7.689178514426490141e-01
7.648834301724826146e-01
7.608187521311055024e-01
7.567239781064475368e-01
7.525992700769684740e-01
7.484447912052492047e-01
7.442607058315249269e-01
7.400471794671535930e-01
7.358043787881382025e-01
7.315324716284826723e-01
7.272316269735654704e-01
7.229020149534663986e-01
7.185438068362194342e-01
7.141571750210419234e-01
7.097422930315063772e-01
7.052993355087001648e-01
7.008284782043212591e-01
6.963298979736874950e-01
6.918037727687696981e-01
6.872502816311318874e-01
6.826696046848909072e-01
6.780619231295444971e-01
6.734274192328100206e-01
6.687662763234485386e-01
6.640786787839781935e-01
6.593648120433940329e-01
6.546248625698227741e-01
6.498590178631851177e-01
6.450674664477199505e-01
6.402503978645542881e-01
6.354080026642274781e-01
6.305404723991171467e-01
6.256479996158742507e-01
6.207307778478285964e-01
6.157890016073216399e-01
6.108228663779732281e-01
6.058325686069833127e-01
6.008183056973822600e-01
5.957802760001934539e-01
5.907186788065769134e-01
5.856337143399602541e-01
5.805255837481398951e-01
5.753944890952872315e-01
5.702406333539634664e-01
5.650642203971141253e-01
5.598654549900020649e-01
5.546445427820612117e-01
5.494016902988030360e-01
5.441371049336485299e-01
5.388509949397124466e-01
5.335435694215611147e-01
5.282150383269597071e-01
5.228656124385349102e-01
5.174955033654701220e-01
5.121049235351134987e-01
5.066940861845969923e-01
5.012632053523586873e-01
4.958124958697353590e-01
4.903421733524254700e-01
4.848524541919522757e-01
4.793435555471251552e-01
4.738156953354421552e-01
4.682690922244696630e-01
4.627039656232097009e-01
4.571205356733945013e-01
4.515190232407686466e-01
4.458996499064197816e-01
4.402626379579206994e-01
4.346082103805896657e-01
4.289365908486719725e-01
4.232480037164923492e-01
4.175426740095408151e-01
4.118208274156236470e-01
4.060826902758917223e-01
4.003284895759144923e-01
3.945584529367158755e-01
3.887728086057105625e-01
3.829717854477275307e-01
3.771556129359557863e-01
3.713245211428357062e-01
3.654787407309758041e-01
3.596185029440342462e-01
3.537440395975600671e-01
3.478555830698384921e-01
3.419533662926683149e-01
3.360376227421836837e-01
3.301085864295941197e-01
3.241664918919475169e-01
3.182115741828311917e-01
3.122440688630810923e-01
3.062642119914693040e-01
3.002722401153613552e-01
2.942683902613533187e-01
2.882528999259230673e-01
2.822260070660003728e-01
2.761879500895770834e-01
2.701389678462527422e-01
2.640792996178074614e-01
2.580091851087450427e-01
2.519288644367901342e-01
2.458385781233903833e-01
2.397385670842014371e-01
2.336290726195857648e-01
2.275103364050119203e-01
2.213826004815644122e-01
2.152461072463110470e-01
2.091010994427311698e-01
2.029478201511313029e-01
1.967865127790202062e-01
1.906174210514534895e-01
1.844407890014461426e-01
1.782568609602641074e-01
1.720658815477915937e-01
1.658680956628436065e-01
1.596637484734846069e-01
1.534530854073372919e-01
1.472363521418389998e-01
1.410137945945625637e-01
1.347856589134778516e-01
1.285521914672063948e-01
1.223136388352778492e-01
1.160702477983891617e-01
1.098222653286136663e-01
1.035699385796635535e-01
9.731351487709807846e-02
9.105324170851930576e-02
8.478936671385625679e-02
7.852213767546259438e-02
7.225180250837956453e-02
6.597860925055416825e-02
5.970280605295849585e-02
5.342464116982350436e-02
4.714436294878144446e-02
4.086221982107367257e-02
3.457846029170736496e-02
2.829333292965152333e-02
2.200708635797657062e-02
1.571996924400474727e-02
9.432230289501880582e-03
3.144118220843734358e-03
-3.144118220833234511e-03
-9.432230289478569368e-03
-1.571996924398265730e-02
-2.200708635796800108e-02
-2.829333292965626953e-02
-3.457846029171109808e-02
-4.086221982106438139e-02
-4.714436294877679540e-02
-5.342464116982312272e-02
-5.970280605296422044e-02
-6.597860925055314130e-02
-7.225180250837018314e-02
-7.852213767543761436e-02
-8.478936671382791834e-02
-9.105324170849532495e-02
-9.731351487706715875e-02
-1.035699385796379490e-01
-1.098222653285966383e-01
-1.160702477983787950e-01
-1.223136388352800835e-01
-1.285521914672071997e-01
-1.347856589134685257e-01
-1.410137945945536542e-01
-1.472363521418266763e-01
-1.534530854073312411e-01
-1.596637484734891865e-01
-1.658680956628410252e-01
-1.720658815477874304e-01
-1.782568609602661058e-01
-1.844407890014522489e-01
-1.906174210514586520e-01
-1.967865127790103252e-01
-2.029478201511243918e-01
-2.091010994427212055e-01
-2.152461072462978631e-01
-2.213826004815532544e-01
-2.275103364050071741e-01
-2.336290726195715817e-01
-2.397385670841943872e-01
-2.458385781233864420e-01
-2.519288644367794205e-01
-2.580091851087318311e-01
-2.640792996177870888e-01
-2.701389678462308708e-01
-2.761879500895533801e-01
-2.822260070659763920e-01
-2.882528999258917035e-01
-2.942683902613135727e-01
-3.002722401153287146e-01
-3.062642119914385508e-01
-3.122440688630483963e-01
-3.182115741828066557e-01
-3.241664918919252569e-01
-3.301085864295760786e-01
-3.360376227421554840e-01
-3.419533662926439455e-01
-3.478555830698139562e-01
-3.537440395975388618e-01
-3.596185029440139846e-01
-3.654787407309542657e-01
-3.713245211428123915e-01
-3.771556129359410203e-01
-3.829717854477182604e-01
-3.887728086056942978e-01
-3.945584529366997217e-01
-4.003284895758990047e-01
-4.060826902758661872e-01
-4.118208274155898962e-01
-4.175426740095137812e-01
-4.232480037164553233e-01
-4.289365908486341694e-01
-4.346082103805465890e-01
-4.402626379578739035e-01
-4.458996499063779262e-01
-4.515190232407367277e-01
-4.571205356733604730e-01
-4.627039656231803910e-01
-4.682690922244406861e-01
-4.738156953354084044e-01
-4.793435555470956233e-01
-4.848524541919336794e-01
-4.903421733524124804e-01
-4.958124958697335827e-01
-5.012632053523528031e-01
-5.066940861845876665e-01
-5.121049235350945139e-01
-5.174955033654459191e-01
-5.228656124385053783e-01
-5.282150383269279548e-01
-5.335435694215274749e-01
-5.388509949396734777e-01
-5.441371049336007903e-01
-5.494016902987490791e-01
-5.546445427820005936e-01
-5.598654549899400035e-01
-5.650642203970607236e-01
-5.702406333538989625e-01
-5.753944890952116253e-01
-5.805255837480673975e-01
-5.856337143398864242e-01
-5.907186788064934246e-01
-5.957802760001069675e-01
-6.008183056973077640e-01
-6.058325686069087057e-01
-6.108228663778900724e-01
-6.157890016072405936e-01
-6.207307778477538784e-01
-6.256479996157867651e-01
-6.305404723990246652e-01
-6.354080026641364398e-01
-6.402503978644746852e-01
-6.450674664476460096e-01
-6.498590178631209469e-01
-6.546248625697680401e-01
-6.593648120433265314e-01
-6.640786787839142447e-01
-6.687662763233787055e-01
-6.734274192327494024e-01
-6.780619231294743310e-01
-6.826696046848306221e-01
-6.872502816310736007e-01
-6.918037727686967564e-01
-6.963298979736165517e-01
-7.008284782042472072e-01
-7.052993355086152327e-01
-7.097422930314136735e-01
-7.141571750209478875e-01
-7.185438068361312824e-01
-7.229020149533768036e-01
-7.272316269734868666e-01
-7.315324716284015150e-01
-7.358043787880597097e-01
-7.400471794670819836e-01
-7.442607058314564261e-01
-7.484447912051884755e-01
-7.525992700769089661e-01
-7.567239781063890280e-01
-7.608187521310507684e-01
-7.648834301724368734e-01
-7.689178514426021627e-01
-7.729218563504746120e-01
-7.768952865081859560e-01
-7.808379847373180249e-01
-7.847497950751355367e-01
-7.886305627807410623e-01
-7.924801343411909116e-01
-7.962983574775783779e-01
-8.000850811510759053e-01
-8.038401555688867717e-01
-8.075634321901566937e-01
-8.112547637318917593e-01
-8.149140041747492402e-01
-8.185410087688314018e-01
-8.221356340393917161e-01
-8.256977377925459605e-01
-8.292271791208672971e-01
-8.327238184089538198e-01
-8.361875173389964333e-01
-8.396181388961700964e-01
-8.430155473741578476e-01
-8.463796083804137060e-01
-8.497101888415821147e-01
-8.530071570086780186e-01
-8.562703824623422166e-01
-8.594997361179782525e-01
-8.626950902308609948e-01
-8.658563184012108005e-01
-8.689832955792085034e-01
-8.720758980698469776e-01
-8.751340035379542304e-01
-8.781574910129131828e-01
-8.811462408935595292e-01
-8.841001349528204711e-01
-8.870190563424328323e-01
-8.899028895975658049e-01
-8.927515206413927373e-01
-8.955648367895729933e-01
-8.983427267547413608e-01
-9.010850806508999833e-01
-9.037917899977702119e-01
-9.064627477250437604e-01
-9.090978481767015840e-01
-9.116969871151100469e-01
-9.142600617251981365e-01
-9.167869706184764711e-01
-9.192776138370911676e-01
-9.217318928577862280e-01
-9.241497105957355851e-01
-9.265309714084547510e-01
-9.288755810995573681e-01
-9.311834469224471444e-01
-9.334544775840535324e-01
-9.356885832483816667e-01
-9.378856755401098200e-01
-9.400456675480719504e-01
-9.421684738286612015e-01
-9.442540104092727038e-01
-9.463021947915823961e-01
-9.483129459548013118e-01
-9.502861843589385238e-01
-9.522218319478660264e-01
-9.541198121524843145e-01
-9.559800498937023328e-01
-9.578024715854089877e-01
-9.595870051374257859e-01
-9.613335799582831687e-01
-9.630421269581218580e-01
-9.647125785513058771e-01
-9.663448686591794567e-01
-9.679389327126735054e-01
-9.694947076547809628e-01
-9.710121319431609388e-01
-9.724911455525143689e-01
-9.739316899769844271e-01
-9.753337082324097240e-01
-9.766971448586498905e-01
-9.780219459217400768e-01
-9.793080590160649912e-01
-9.805554332663621864e-01
-9.817640193297941797e-01
-9.829337693978918988e-01
-9.840646371984309582e-01
-9.851565779972742964e-01
-9.862095486001065670e-01
-9.872235073541885120e-01
-9.881984141499917662e-01
-9.891342304227696003e-01
-9.900309191541134535e-01
-9.908884448733639161e-01
-9.917067736590672311e-01
-9.924858731403021217e-01
-9.932257124979382290e-01
-9.939262624658864453e-01
-9.945874953322419998e-01
-9.952093849403741421e-01
-9.957919066899741933e-01
-9.963350375380016777e-01
-9.968387559996498837e-01
-9.973030421491499986e-01
-9.977278776205505961e-01
-9.981132456084932381e-01
-9.984591308688234301e-01
-9.987655197192369938e-01
-9.990324000398078663e-01
-9.992597612734537282e-01
-9.994475944263452316e-01
-9.995958920683163385e-01
-9.997046483330965794e-01
-9.997738589185737323e-01
-9.998035210869556932e-01
-9.997936336648993727e-01
-9.997441970435149150e-01
-9.996552131783840167e-01
-9.995266855894918701e-01
-9.993586193610222157e-01
-9.991510211412509834e-01
-9.989038991422031222e-01
-9.986172631393888111e-01
-9.982911244713575938e-01
-9.979254960393010299e-01
-9.975203923065164568e-01
-9.970758292978458837e-01
-9.965918245990165181e-01
-9.960683973559865123e-01
-9.955055682741545953e-01
-9.949033596175588245e-01
-9.942617952079735311e-01
-9.935809004240048203e-01
-9.928607022000602855e-01
-9.921012290252645416e-01
-9.913025109423905246e-01
-9.904645795466150426e-01
-9.895874679842870947e-01
-9.886712109516331282e-01
-9.877158446933592684e-01
-9.867214070012434446e-01
-9.856879372126151617e-01
-9.846154762088004109e-01
-9.835040664135416000e-01
-9.823537517912740435e-01
-9.811645778454157751e-01
-9.799365916165384549e-01
-9.786698416805521550e-01
-9.773643781467409308e-01
-9.760202526558006131e-01
-9.746375183777832296e-01
-9.732162300100291041e-01
-9.717564437749436346e-01
-9.702582174178197016e-01
-9.687216102045379529e-01
-9.671466829192185699e-01
-9.655334978618566044e-01
-9.638821188457857847e-01
-9.621926111952072702e-01
-9.604650417425733000e-01
-9.586994788259937117e-01
-9.568959922864680445e-01
-9.550546534651727093e-01
-9.531755352006208160e-01
-9.512587118257708196e-01
-9.493042591650932005e-01
-9.473122545315886267e-01
-9.452827767237008683e-01
-9.432159060222236047e-01
-9.411117241871040928e-01
-9.389703144542367319e-01
-9.367917615321350588e-01
-9.345761515986111823e-01
-9.323235722973575168e-01
-9.300341127344611269e-01
-9.277078634749004182e-01
-9.253449165389806552e-01
-9.229453653986290362e-01
-9.205093049737590460e-01
-9.180368316285165697e-01
-9.155280431674160946e-01
-9.129830388315028911e-01
-9.104019192944478034e-01
-9.077847866585226910e-01
-9.051317444505994070e-01
-9.024428976180347561e-01
-8.997183525245165958e-01
-8.969582169458546472e-01
-8.941626000657302287e-01
-8.913316124713864808e-01
-8.884653661492243337e-01
-8.855639744803861513e-01
-8.826275522362762027e-01
-8.796562155740103028e-01
-8.766500820318292586e-01
-8.736092705244558054e-01
-8.705339013383635027e-01
-8.674240961270479611e-01
-8.642799779062106946e-01
-8.611016710488622605e-01
-8.578893012804592599e-01
-8.546429956738655909e-01
-8.513628826443705444e-01
-8.480490919445828890e-01
-8.447017546593390547e-01
-8.413210032004663219e-01
-8.379069713015834253e-01
-8.344597940127863600e-01
-8.309796076953164246e-01
-8.274665500161615395e-01
-8.239207599426189299e-01
-8.203423777367913061e-01
-8.167315449500408553e-01
-8.130884044173951608e-01
-8.094131002518799578e-01
-8.057057778388362346e-01
-8.019665838301675009e-01
-7.981956661385278817e-01
-7.943931739314635809e-01
-7.905592576255449089e-01
-7.866940688803935045e-01
-7.827977605926695892e-01
-7.788704868900750977e-01
-7.749124031251767297e-01
-7.709236658693391364e-01
-7.669044329064853560e-01
-7.628548632268760121e-01
-7.587751170208036910e-01
-7.546653556722634493e-01
-7.505257417525857955e-01
-7.463564390139836302e-01
-7.421576123830649907e-01
-7.379294279543463508e-01
-7.336720529836414650e-01
-7.293856558814872937e-01
-7.250704062064319277e-01
-7.207264746584055581e-01
-7.163540330718558558e-01
-7.119532544090501069e-01
-7.075243127531666287e-01
-7.030673833014753349e-01
-6.985826423583547662e-01
-6.940702673283156710e-01
-6.895304367090120401e-01
-6.849633300841804218e-01
-6.803691281165199500e-01
-6.757480125405295190e-01
-6.711001661553523956e-01
-6.664257728175349005e-01
-6.617250174337605539e-01
-6.569980859535153872e-01
-6.522451653617242773e-01
-6.474664436714032689e-01
-6.426621099161767825e-01
-6.378323541428084775e-01
-6.329773674037144637e-01
-6.280973417493712629e-01
-6.231924702207011224e-01
-6.182629468415009599e-01
-6.133089666106958937e-01
-6.083307254947050158e-01
-6.033284204196091016e-01
-5.983022492633922607e-01
-5.932524108481292968e-01
-5.881791049321281051e-01
-5.830825322019888013e-01
-5.779628942646631851e-01
-5.728203936395374063e-01
-5.676552337503898427e-01
-5.624676189173083429e-01
-5.572577543486463281e-01
-5.520258461329186073e-01
-5.467721012306158146e-01
-5.414967274660329455e-01
-5.361999335190272831e-01
-5.308819289168106303e-01
-5.255429240256137557e-01
-5.201831300423910287e-01
-5.148027589864548892e-01
-5.094020236911033228e-01
-5.039811377951789462e-01
-4.985403157346184333e-01
-4.930797727340086034e-01
-4.875997247980162208e-01
-4.821003887028927903e-01
-4.765819819878653330e-01
-4.710447229465563046e-01
-4.654888306183168067e-01
-4.599145247796045943e-01
-4.543220259352581114e-01
-4.487115553097755227e-01
-4.430833348385834203e-01
-4.374375871592344200e-01
-4.317745356026276848e-01
-4.260944041841371321e-01
-4.203974175947878256e-01
-4.146838011923321687e-01
-4.089537809923737832e-01
-4.032075836594031237e-01
-3.974454364978339815e-01
-3.916675674430049048e-01
-3.858742050521727363e-01
-3.800655784954756200e-01
-3.742419175468748027e-01
-3.684034525750305988e-01
-3.625504145342211548e-01
-3.566830349551771140e-01
-3.508015459359793975e-01
-3.449061801328259236e-01
-3.389971707508168119e-01
-3.330747515348015386e-01
-3.271391567600517303e-01
-3.211906212230449809e-01
-3.152293802321671223e-01
-3.092556695983800785e-01
-3.032697256259230256e-01
-2.972717851029487157e-01
-2.912620852921708470e-01
-2.852408639214688568e-01
-2.792083591744802806e-01
-2.731648096811714055e-01
-2.671104545084329596e-01
-2.610455331505806553e-01
-2.549702855199060814e-01
-2.488849519371797714e-01
-2.427897731221659583e-01
-2.366849901840475667e-01
-2.305708446119518196e-01
-2.244475782653352902e-01
-2.183154333644693745e-01
-2.121746524808366952e-01
-2.060254785275391909e-01
-1.998681547496666266e-01
-1.937029247147187827e-01
-1.875300323029431837e-01
-1.813497216976828197e-01
-1.751622373757069362e-01
-1.689678240975772960e-01
-1.627667268979755277e-01
-1.565591910759241701e-01
-1.503454621851781081e-01
-1.441257860244714306e-01
-1.379004086277879626e-01
-1.316695762546203907e-01
-1.254335353802832342e-01
-1.191925326860976131e-01
-1.129468150496643203e-01
-1.066966295351062105e-01
-1.004422233832983347e-01
-9.418384400202892137e-02
-8.792173895628267732e-02
-8.165615595843464525e-02
-7.538734285840649474e-02
-6.911554763392005474e-02
-6.284101838065168921e-02
-5.656400330243382263e-02
-5.028475070143462178e-02
-4.400350896830251129e-02
-3.772052657241703466e-02
-3.143605205197337604e-02
-2.515033400422659465e-02
-1.886362107560329501e-02
-1.257616195187646196e-02
-6.288205348341866473e-03
0.000000000000000000e+00
