0.000000000000000000e+00
-1.956854789142198348e-02
-3.905830014707866588e-02
-5.839077841343891240e-02
-7.748813762379354320e-02
-9.627347945288532161e-02
-1.146711619593396431e-01
-1.326071041690580210e-01
-1.500090843731384793e-01
-1.668070309392221950e-01
-1.829333044652172169e-01
-1.983229701393014466e-01
-2.129140592094803108e-01
-2.266478185099203013e-01
-2.394689470391448971e-01
-2.513258186377276271e-01
-2.621706898685458031e-01
-2.719598922627624038e-01
-2.806540081573920542e-01
-2.882180294162584588e-01
-2.946214983954233424e-01
-2.998386305853619760e-01
-3.038484184361153195e-01
-3.066347159472260775e-01
-3.081863036820343682e-01
-3.084969339443447978e-01
-3.075653559357400813e-01
-3.053953207920508950e-01
-3.019955664789177874e-01
-2.973797826070243011e-01
-2.915665553089124562e-01
-2.845792923991619094e-01
-2.764461291194140191e-01
-2.671998148476386059e-01
-2.568775812279904258e-01
-2.455209922520740218e-01
-2.331757768954640930e-01
-2.198916449832318543e-01
-2.057220870260347556e-01
-1.907241588327149295e-01
-1.749582517666789516e-01
-1.584878495712149504e-01
-1.413792727428212770e-01
-1.237014114820227106e-01
-1.055254482968257662e-01
-8.692457137588920080e-02
-6.797367988551983320e-02
-4.874908237712071574e-02
-2.932818951967812449e-02
-9.789202394234201160e-03
9.789202394212758243e-03
2.932818951964359655e-02
4.874908237708337061e-02
6.797367988547585449e-02
8.692457137585921090e-02
1.055254482967947494e-01
1.237014114819954824e-01
1.413792727427976292e-01
1.584878495711928015e-01
1.749582517666708470e-01
1.907241588327111825e-01
2.057220870260253465e-01
2.198916449832208075e-01
2.331757768954555721e-01
2.455209922520747989e-01
2.568775812279978088e-01
2.671998148476519286e-01
2.764461291194328374e-01
2.845792923991713463e-01
2.915665553089076822e-01
2.973797826070170847e-01
3.019955664789038541e-01
3.053953207920410140e-01
3.075653559357314770e-01
3.084969339443323633e-01
3.081863036820107205e-01
3.066347159471971007e-01
3.038484184360780160e-01
2.998386305853260048e-01
2.946214983953819866e-01
2.882180294162265954e-01
2.806540081573586920e-01
2.719598922627346482e-01
2.621706898685167153e-01
2.513258186377111958e-01
2.394689470391334896e-01
2.266478185099033704e-01
2.129140592094625750e-01
1.983229701392777433e-01
1.829333044651943185e-01
1.668070309392096218e-01
1.500090843731239909e-01
1.326071041690421726e-01
1.146711619593235865e-01
9.627347945285961994e-02
7.748813762376879910e-02
5.839077841342849712e-02
3.905830014707603604e-02
1.956854789141879505e-02
0.000000000000000000e+00
